!File created with processIceEx v1-11-02-2016 at 02/08/17 21:18:17 
!hour	 oC  	  oC  	 kg/h  	 kW    	  kWh 	 - 	 oC 	 kW/K 	 W/m2K 	 kWh 	 kWh 	 [kg,i/kg,w] 	 [kWh]	 oC	 oC	 oC	 oC	 oC 	 [kg,i/kg,w] 	 [kW/K] 	 [kg] 	 [kg] [W/m2] 	 [W/m2] 	[W/m2] 	[W/m2] 	 [oC] 	 [oC] 	 [oC] 	 [oC] 	 [oC] 	 [oC]
!(1)Time	 (2)Tin 	 (3)TOut 	 (4)mFlow 	 (5)Power 	 (6)Energy 	 (7)tStoreAv 	 (8)eff 	 (9)lmd 	 (10)Ua 	 (11)U (12)eHxPerCycleNeg 	 (13)eHxPerCyclePos 	 (14)ratioIce 	 (15)eIcing 	 (16)Tz1	 (17)Tz2	 (18)Tz3	 (19)Tz4	 (20)Tz5	  (21)tAmb 	 (22) ratioIceCalc 	 (23) radioIce 	 (24) massIce (25) HF1 	 (26) HF2 	(27) HF3 	 (28) TS1 	 (29) TS2 	(30) TS3 	 (31) TwaterTS1 	 (32) TwaterTS2 	(33) TwaterTS3 (34) ThxTS1 	 (35) ThxTS2 	(36) ThxTS3
1.111111	-2.741093	-0.339545	2110.780844	-5.051068	-5.671937	0.172506	0.824255	1.381216	3.656971	147.817472	-5.671937	0.000000	3.654327	-5.657803	0.546687	0.179079	0.094692	0.040370	0.001704	22.000000	2.543743	3.245670	73.632481	-408.410900	385.041900	207.852100	-1.501482	-0.958187	-0.324167	0.014464	0.109882	0.020264	-2.500938	-1.540319	-0.579700
2.222222	-2.712270	-0.261721	2145.704175	-5.239678	-11.288839	0.021508	0.896397	1.080877	4.847615	195.944171	-11.288839	0.000000	6.312021	-11.274705	0.271696	0.039079	-0.015308	-0.069630	-0.118296	22.000000	5.052631	5.585794	126.721410	-309.728000	302.307800	199.579200	-1.780415	-1.348188	-0.724167	-0.102236	-0.005518	-0.094936	-2.467215	-1.486995	-0.506776
3.333333	-2.660845	-0.201721	2070.835999	-5.074824	-16.953702	0.028731	0.914317	1.000825	5.070639	204.958951	-16.953702	0.000000	8.858977	-16.939567	0.101696	0.049079	0.034692	-0.009630	-0.032180	22.000000	7.585866	7.828412	177.598279	-262.031300	255.808100	169.833000	-1.860415	-1.490171	-0.939608	-0.024738	0.037282	-0.021356	-2.414933	-1.431283	-0.447633
4.444444	-2.720696	-0.301721	2105.870469	-5.076030	-22.611173	0.080731	0.863480	1.214783	4.178547	168.899971	-22.611173	0.000000	11.295196	-22.597039	0.071696	0.169079	0.054692	0.050370	0.057820	22.000000	10.115976	9.973524	226.263110	-237.312100	234.223600	161.690400	-1.987308	-1.670171	-1.159608	0.055362	0.075282	0.054244	-2.478798	-1.511208	-0.543618
5.555556	-2.854198	-0.461721	2105.954746	-5.019912	-28.232379	0.060016	0.820968	1.390819	3.609320	145.891397	-28.232379	0.000000	13.951948	-28.218245	0.061696	-0.020921	0.104692	0.070370	0.084242	22.000000	12.626823	12.312819	279.333214	-224.213000	221.452400	154.108400	-2.177308	-1.870172	-1.360021	0.079664	0.082082	0.077584	-2.614950	-1.657959	-0.700968
6.666667	-2.978409	-0.613443	2103.420948	-4.955553	-33.794964	0.066016	0.776819	1.576885	3.142622	127.027100	-33.794964	0.000000	16.277429	-33.780830	0.031696	-0.050921	0.184692	0.090370	0.074242	22.000000	15.105913	14.360426	325.786008	-214.185700	213.084100	148.101800	-2.327308	-2.037878	-1.530250	0.079564	0.142282	0.081984	-2.741912	-1.795926	-0.849940
7.777778	-3.155915	-0.773443	2103.544739	-4.991711	-39.310668	0.032713	0.747178	1.732620	2.881019	116.452923	-39.310668	0.000000	18.713648	-39.296534	0.001696	-0.070921	0.004262	0.110370	0.118157	22.000000	17.559332	16.505539	374.450839	-213.064800	208.582300	145.074900	-2.510103	-2.217878	-1.710250	0.115587	-0.009271	0.114419	-2.917668	-1.964679	-1.011690
8.888889	-3.305535	-0.953443	2108.736078	-4.939430	-44.793157	0.022627	0.706724	1.917506	2.575966	104.122436	-44.793157	0.000000	21.371341	-44.779023	-0.038304	-0.080921	-0.005738	0.120370	0.117729	22.000000	19.994192	18.845662	427.539746	-206.757900	201.917900	141.957300	-2.670103	-2.397878	-1.880250	0.118600	-0.019271	0.118997	-3.070326	-2.129489	-1.188652
10.000000	-3.460943	-1.109673	2088.751491	-4.890168	-50.218003	0.012951	0.676840	2.081493	2.349356	94.962687	-50.218003	0.000000	23.807559	-50.203869	-0.068304	-0.080921	-0.035738	0.120370	0.129350	22.000000	22.397800	20.990775	476.204577	-201.942000	196.482100	141.071800	-2.840103	-2.574442	-2.060250	0.126386	-0.043871	0.125039	-3.225816	-2.285308	-1.344800
11.111111	-3.584980	-1.289673	2151.328511	-4.916067	-55.608423	0.010951	0.638307	2.257031	2.178113	88.040922	-55.608423	0.000000	26.208553	-55.594289	-0.108304	-0.100921	-0.045738	0.160370	0.149350	22.000000	24.782620	23.104871	524.165759	-199.560300	194.761100	138.935800	-3.003874	-2.744442	-2.236805	0.152986	-0.055671	0.154639	-3.355449	-2.437327	-1.519204
12.222222	-3.755801	-1.462863	2158.869536	-4.927383	-60.977793	0.000000	0.610506	2.431778	2.026247	81.902411	-60.977793	0.000000	28.534034	-60.963659	-0.138304	-0.100921	-0.065738	0.140370	0.145407	22.000000	27.155885	25.152479	570.618553	-194.827300	192.965800	138.513400	-3.175891	-2.913256	-2.414808	0.143745	-0.072071	0.142989	-3.526507	-2.609332	-1.692157
13.333333	-3.866680	-1.586996	2153.965191	-4.887213	-66.296418	0.000000	0.589571	2.559851	1.909178	77.170402	-66.296418	0.000000	31.080990	-66.282284	-0.128304	-0.120921	-0.065738	0.036818	0.164121	22.000000	29.501639	27.395097	621.495422	-187.309800	183.847700	134.167200	-3.301560	-3.053256	-2.544808	0.122111	-0.075671	0.103015	-3.638712	-2.726838	-1.814964
14.444444	-3.980940	-1.764880	2111.556271	-4.656614	-71.597234	0.000000	0.556668	2.724322	1.709274	69.090129	-71.597234	0.000000	33.184997	-71.583100	-0.168304	-0.120921	-0.075738	0.016818	0.194550	22.000000	31.837767	29.247694	663.524139	-198.392300	187.913600	134.831700	-3.456610	-3.207736	-2.705027	0.135898	-0.083871	0.109238	-3.759334	-2.872910	-1.986486
15.555556	-4.115719	-1.864880	2081.552532	-4.661957	-76.819553	0.000000	0.546888	2.843344	1.639603	66.273980	-76.819553	0.000000	35.399741	-76.805418	-0.258304	-0.231671	-0.085738	-0.043182	0.220882	22.000000	34.131477	31.197796	707.764895	-180.953700	174.583200	129.667400	-3.539211	-3.297542	-2.818684	0.133741	-0.112006	0.094131	-3.890635	-2.990300	-2.089964
16.666667	-4.238152	-2.035173	2114.283849	-4.633915	-82.017823	0.000000	0.519797	3.003189	1.542998	62.369119	-82.017823	0.000000	37.728224	-82.003688	-0.348304	-0.381671	-0.085738	-0.063182	0.233266	22.000000	36.412191	33.248046	754.277635	-188.676300	179.983000	133.474100	-3.709515	-3.464005	-2.978684	0.135438	-0.139006	0.090971	-4.017854	-3.136662	-2.255471
17.777778	-4.368753	-2.155174	2111.818338	-4.650214	-87.142039	0.000000	0.506684	3.132691	1.484415	60.001148	-87.142039	0.000000	40.084036	-87.127905	-0.448304	-0.531671	-0.115738	-0.063182	0.255897	22.000000	38.652887	35.322361	801.336305	-187.317900	178.832800	132.155700	-3.829281	-3.587339	-3.105345	0.150601	-0.190606	0.102739	-4.147395	-3.261964	-2.376532
18.888889	-4.549395	-2.271760	2094.388007	-4.744600	-92.237525	0.000000	0.500646	3.279818	1.446605	58.472826	-92.237525	0.000000	42.520255	-92.223391	-0.564468	-0.671671	-0.245967	-0.073182	0.263300	22.000000	40.878057	37.467473	850.001137	-192.865000	180.719000	130.224800	-3.966290	-3.717547	-3.215345	0.152261	-0.322594	0.101788	-4.321631	-3.410577	-2.499524
20.000000	-4.596485	-2.425087	2114.309401	-4.565873	-97.296346	0.000000	0.472404	3.395863	1.344540	54.347291	-97.296346	0.000000	44.734999	-97.282212	-0.674468	-0.801671	-0.395967	-0.083182	0.301742	22.000000	43.083414	39.417576	894.241892	-182.830500	174.855000	129.869600	-4.073077	-3.837425	-3.353383	0.174717	-0.468994	0.116978	-4.379345	-3.510786	-2.642227
21.111111	-4.734071	-2.575087	2149.483309	-4.614646	-102.357835	0.000000	0.456052	3.545699	1.301477	52.606659	-102.357835	0.000000	47.171218	-102.343701	-0.804468	-0.951671	-0.545967	-0.103182	0.345625	22.000000	45.290213	41.562689	942.906724	-166.439300	165.407800	127.770000	-4.205860	-3.985704	-3.519270	0.197519	-0.618994	0.130198	-4.518173	-3.654579	-2.790985
22.222222	-4.800238	-2.690728	2109.576770	-4.424796	-107.370216	0.000000	0.439459	3.644289	1.214173	49.077755	-107.370216	0.000000	49.496699	-107.356082	-0.934468	-1.081671	-0.675967	-0.213182	0.323762	22.000000	47.470474	43.610296	989.359517	-182.193800	168.149300	133.193400	-4.322411	-4.108463	-3.629269	0.146570	-0.748994	0.066029	-4.589287	-3.745483	-2.901679
23.333333	-4.934766	-2.880728	2109.583610	-4.307771	-112.297536	0.000000	0.416238	3.816055	1.128855	45.629139	-112.297536	0.000000	51.733558	-112.283402	-1.054468	-1.229144	-0.805967	-0.333182	0.366027	22.000000	49.604769	45.579871	1034.042017	-175.191800	171.510700	153.631900	-4.455124	-4.239770	-3.770550	0.135288	-0.882139	0.030407	-4.729362	-3.907747	-3.086132
24.444444	-5.212123	-3.204241	2104.812023	-4.200212	-117.115887	0.000000	0.385233	4.127096	1.017716	41.136835	-117.115887	0.000000	54.169776	-117.101753	-1.204468	-1.389144	-0.965967	-0.493183	0.408265	22.000000	51.680179	47.724983	1082.706848	-164.887000	166.097400	23837.950000	-4.712013	-4.488968	-4.010550	0.110788	-1.042139	-0.024430	-5.011335	-4.208182	-3.405029
25.555556	-5.598660	-3.644241	2102.480775	-4.082194	-121.808081	0.000000	0.349087	4.551732	0.896844	36.251101	-121.808081	0.000000	56.605995	-121.793947	-1.414468	-1.609144	-1.155967	-0.653182	0.447228	22.000000	53.687414	49.870096	1131.371679	-173.237900	172.652400	17822.680000	-5.068485	-4.855942	-4.436578	0.084092	-1.237539	-0.080969	-5.403218	-4.621450	-3.839683
26.666667	-6.120071	-4.185311	2115.219879	-4.063500	-126.375500	0.000000	0.316134	5.091572	0.798084	32.259128	-126.375500	0.000000	58.710002	-126.361366	-1.651465	-1.870742	-1.384134	-0.854498	0.467228	22.000000	55.627222	51.722693	1173.400397	-181.367000	180.813600	14875.100000	-5.510851	-5.314000	-4.936578	0.031058	-1.471723	-0.167201	-5.926595	-5.152691	-4.378787
27.777778	-5.993266	-4.635311	2117.628840	-2.854854	-130.793508	0.000000	0.226580	5.285245	0.540155	21.833484	-130.793508	0.000000	60.893474	-130.779374	-1.901465	-2.130742	-1.634134	-1.074498	0.459707	22.000000	57.486290	53.645260	1217.016473	-132.301200	145.783700	18460.210000	-5.633006	-5.497557	-5.230809	-0.046581	-1.723523	-0.276711	-5.857470	-5.314288	-4.771107
28.888889	-4.767643	-3.602115	2164.543512	-2.507372	-133.475904	0.000000	0.244466	4.157687	0.603069	24.376489	-133.475904	0.000000	62.665269	-133.461770	-1.591465	-1.750742	-1.364134	-0.934498	0.497818	22.000000	58.407449	55.205342	1252.409078	-130.802900	130.620200	23610.330000	-4.375733	-4.245786	-4.015653	0.025154	-1.433723	-0.189694	-4.651090	-4.184879	-3.718668
30.000000	-4.727643	-3.542115	2096.905958	-2.470823	-136.218982	0.000000	0.250765	4.106396	0.601701	24.321202	-136.218982	0.000000	64.104853	-136.204848	-1.601465	-1.760742	-1.384134	-0.974498	0.530537	22.000000	59.361401	56.472909	1281.165569	-130.057700	129.228900	16792.960000	-4.325733	-4.185786	-3.945654	0.033876	-1.451923	-0.191880	-4.609090	-4.134879	-3.660668
31.111111	-4.835853	-3.634846	2049.630627	-2.446411	-138.978359	0.000000	0.248355	4.206815	0.581535	23.506077	-138.978359	0.000000	65.433700	-138.964224	-1.691465	-1.850742	-1.474134	-1.064498	0.536621	22.000000	60.324160	57.642971	1307.710022	-130.799500	130.306000	4561.157000	-4.432328	-4.275786	-4.035653	0.008252	-1.541923	-0.231916	-4.715752	-4.235349	-3.754947
32.222222	-4.955853	-3.774846	2099.540113	-2.463937	-141.730411	0.000000	0.238305	4.338592	0.567912	22.955405	-141.730411	0.000000	66.873284	-141.716277	-1.878601	-2.557834	-2.964861	-2.013644	0.541794	22.000000	61.282961	58.910537	1336.466514	-69.218410	131.323800	10780.520000	-4.702328	-4.403331	-4.166489	-0.301500	-2.891596	-0.684816	-4.837752	-4.365350	-3.892947
33.333333	-5.207245	-4.074846	2044.706938	-2.300203	-144.427958	0.000000	0.217466	4.617928	0.498103	20.133683	-144.427958	0.000000	68.312867	-144.413824	-2.678601	-4.416334	-4.462089	-3.760622	0.547519	22.000000	62.212308	60.178104	1365.223005	-36.871560	82.769940	12951.600000	-5.042328	-4.853331	-4.716489	-0.874168	-4.453853	-1.520389	-5.094005	-4.641046	-4.188086
34.444444	-5.612133	-4.546347	2115.061113	-2.238422	-146.997265	0.000000	0.189907	5.060549	0.442328	17.879218	-146.997265	0.000000	69.671724	-146.983131	-3.727336	-5.076333	-5.047049	-4.540622	0.428151	22.000000	63.072355	61.374589	1392.366920	-32.194550	39.322970	15630.610000	-5.455479	-5.412690	-5.294812	-1.211544	-5.052320	-1.956860	-5.505554	-5.079240	-4.652926
35.555556	-6.122133	-5.076347	2040.255909	-2.117652	-149.448030	0.000000	0.170821	5.582925	0.379309	15.331936	-149.448030	0.000000	71.000570	-149.433895	-4.419947	-5.587800	-5.547049	-5.136995	0.675300	22.000000	63.868343	62.544651	1418.911374	-35.801020	34.140100	13886.710000	-5.955479	-5.942690	-5.804812	-1.242757	-5.554384	-2.114601	-6.017554	-5.599240	-5.180926
36.666667	-6.629767	-5.642900	2105.635896	-2.061292	-151.809010	0.000000	0.148854	6.123085	0.336643	13.607346	-151.809010	0.000000	71.886468	-151.794876	-5.042228	-6.117800	-6.073462	-5.716995	0.749251	22.000000	64.615813	63.324692	1436.607676	-32.980670	31.727010	6879.724000	-6.474237	-6.463111	-6.335330	-1.384610	-6.081443	-2.354547	-6.531080	-6.136334	-5.741587
37.777778	-6.993316	-6.062900	2095.826981	-1.933581	-154.045181	0.000000	0.133044	6.517042	0.296696	11.992677	-154.045181	0.000000	72.993840	-154.031046	-5.582228	-6.562075	-6.513462	-6.184565	0.534774	22.000000	65.295836	64.299743	1458.728054	-24.098300	24.558490	10237.350000	-6.854237	-6.853111	-6.735330	-1.682608	-6.522212	-2.690509	-6.900274	-6.528108	-6.155942
38.888889	-7.295703	-6.392900	2033.443799	-1.819783	-156.189143	0.000000	0.123744	6.834366	0.266269	10.762806	-156.189143	0.000000	74.101212	-156.175008	-6.065193	-6.922075	-6.873462	-6.554565	0.644774	22.000000	65.926031	65.274794	1480.848432	-22.449970	20.913860	6760.613000	-7.162271	-7.173002	-7.055330	-1.731008	-6.882212	-2.810909	-7.205423	-6.844302	-6.483180
40.000000	-7.575912	-6.677710	2076.090892	-1.847964	-158.224281	0.000000	0.118560	7.117368	0.259642	10.494902	-158.224281	0.000000	75.208584	-158.210147	-6.505193	-7.202075	-7.151076	-6.860232	0.694774	22.000000	66.497419	66.249845	1502.968810	-28.607770	26.450810	8137.446000	-7.432649	-7.433002	-7.315134	-1.798378	-7.160256	-2.931629	-7.486092	-7.126811	-6.767530
41.111111	-7.754872	-6.927710	2103.722359	-1.724091	-160.186952	0.000000	0.106664	7.333518	0.235097	9.502808	-160.186952	0.000000	76.094482	-160.172818	-7.021193	-7.462671	-7.411076	-7.120232	0.596023	22.000000	67.029646	67.029886	1520.665112	-19.003820	18.227230	4937.315000	-7.615761	-7.640437	-7.545134	-1.950341	-7.420363	-3.107779	-7.672156	-7.341291	-7.010426
42.222222	-7.935101	-7.147710	2106.165437	-1.642775	-162.041471	0.000000	0.099229	7.534550	0.218032	8.813025	-162.041471	0.000000	77.091117	-162.027336	-7.411193	-7.662671	-7.601076	-7.340231	1.271387	22.000000	67.503428	67.907433	1540.573452	-17.475720	15.471710	17541.760000	-7.820937	-7.840437	-7.725134	-1.570447	-7.612163	-2.862190	-7.856362	-7.541405	-7.226449
43.333333	-8.071687	-7.317710	2101.370170	-1.569242	-163.789404	0.000000	0.093410	7.688538	0.204101	8.249932	-163.789404	0.000000	77.644803	-163.775270	-7.661193	-7.842671	-7.781076	-7.510231	1.248647	22.000000	67.919613	68.394958	1551.633641	-16.444280	13.806360	17001.760000	-7.960557	-7.987082	-7.875134	-1.641783	-7.792163	-2.955614	-7.996289	-7.694699	-7.393108
44.444444	-8.178139	-7.487710	2118.862550	-1.448744	-165.461437	0.000000	0.084424	7.827850	0.185076	7.480891	-165.461437	0.000000	78.667505	-165.447303	-7.851193	-7.992671	-7.931076	-7.690232	0.966778	22.000000	68.294782	69.295457	1572.062695	-8.423500	9.808707	447.213500	-8.108822	-8.127082	-8.025134	-1.890035	-7.942163	-3.188587	-8.109096	-7.832924	-7.556753
45.555556	-8.405275	-7.680100	2134.099658	-1.532276	-167.098409	0.000000	0.086276	8.037236	0.190647	7.706099	-167.098409	0.000000	79.221191	-167.084275	-8.034276	-8.172671	-8.108214	-7.864885	1.097920	22.000000	68.651004	69.782983	1583.122883	-18.503670	16.894260	226.752000	-8.298736	-8.312749	-8.195134	-1.859806	-8.119816	-3.204226	-8.332757	-8.042687	-7.752618
46.666667	-8.589619	-7.870100	2039.071039	-1.452358	-168.710462	0.000000	0.083766	8.224615	0.176587	7.137765	-168.710462	0.000000	79.885615	-168.696328	-8.224276	-8.362671	-8.298214	-8.064885	0.918662	22.000000	68.993760	70.368013	1596.395110	-14.195370	12.798310	1013.142000	-8.478736	-8.502749	-8.385480	-2.045908	-8.309816	-3.393440	-8.517667	-8.229859	-7.942052
47.777778	-8.739611	-8.070100	2109.100157	-1.397586	-170.293697	0.000000	0.076606	8.400409	0.166371	6.724845	-170.293697	0.000000	80.660775	-170.279562	-8.424276	-8.550809	-8.488214	-8.254885	0.758541	22.000000	69.320944	71.050549	1611.879375	-14.187250	13.610070	566.484000	-8.653118	-8.672749	-8.565480	-2.215890	-8.499481	-3.567904	-8.672660	-8.404856	-8.137051
48.888889	-8.882363	-8.220100	2106.695944	-1.380679	-171.832883	0.000000	0.074559	8.546956	0.161540	6.529586	-171.832883	0.000000	81.325198	-171.818749	-8.589322	-8.700809	-8.648214	-8.414885	0.698541	22.000000	69.624324	71.635580	1625.151601	-10.173400	13.777610	259.106300	-8.813118	-8.832749	-8.725480	-2.308890	-8.657681	-3.675904	-8.816137	-8.551232	-8.286326
50.000000	-9.016072	-8.380100	2106.904797	-1.325806	-173.344136	0.000000	0.070538	8.694210	0.152493	6.163880	-173.344136	0.000000	81.768147	-173.330001	-8.739322	-8.860808	-8.798214	-8.564885	0.591104	22.000000	69.912608	72.025600	1633.999752	-7.920952	10.081690	197.199800	-8.949243	-8.962749	-8.855480	-2.430373	-8.809481	-3.803771	-8.952475	-8.698086	-8.443697
51.111111	-9.124503	-8.500100	2114.404867	-1.306174	-174.799221	0.000000	0.068431	8.808613	0.148284	5.993737	-174.799221	0.000000	82.543308	-174.785087	-8.859322	-8.980809	-8.918214	-8.694885	0.471104	22.000000	70.170541	72.708136	1649.484017	-12.892390	11.646340	253.182900	-9.049243	-9.072857	-8.965480	-2.553673	-8.929481	-3.928571	-9.062063	-8.812302	-8.562540
52.222222	-9.256161	-8.650100	2106.966843	-1.263168	-176.233604	0.000000	0.065476	8.949711	0.141141	5.705010	-176.233604	0.000000	83.207731	-176.219470	-8.979322	-9.110808	-9.047309	-8.828267	0.315114	22.000000	70.417286	73.293167	1662.756244	-10.286260	10.836940	137.634300	-9.189243	-9.202857	-9.105480	-2.702202	-9.058739	-4.073709	-9.195555	-8.953131	-8.710706
53.333333	-9.380180	-8.783948	2102.031399	-1.239612	-177.641318	0.000000	0.063563	9.078801	0.136539	5.519016	-177.641318	0.000000	83.650680	-177.627183	-9.119322	-9.240808	-9.177309	-8.958267	0.145114	22.000000	70.649619	73.683188	1671.604395	-9.788112	10.424060	71.269700	-9.313828	-9.332857	-9.225480	-2.859002	-9.188739	-4.224509	-9.320557	-9.082064	-8.843571
54.444444	-9.496540	-8.903948	2117.069804	-1.240713	-179.016449	0.000000	0.062401	9.197062	0.134903	5.452887	-179.016449	0.000000	84.219216	-179.002315	-9.239322	-9.360808	-9.297309	-9.078267	-0.004886	22.000000	70.864345	74.183789	1682.961218	-8.357446	10.510130	59.966590	-9.423828	-9.442857	-9.345480	-2.999102	-9.308739	-4.360109	-9.437281	-9.200244	-8.963207
55.555556	-9.626540	-9.043948	2104.677525	-1.212473	-180.373465	0.000000	0.060519	9.332213	0.129923	5.251601	-180.373465	0.000000	84.883639	-180.359331	-9.349322	-9.476642	-9.407309	-9.208267	-0.134886	22.000000	71.069282	74.768819	1696.233445	-9.557809	10.566040	52.734190	-9.543828	-9.562857	-9.478533	-3.129102	-9.419789	-4.490109	-9.568281	-9.335244	-9.102207
56.666667	-9.616024	-9.113948	2139.705896	-1.062265	-181.644074	0.000000	0.052212	9.362742	0.113457	4.585999	-181.644074	0.000000	85.548062	-181.629940	-9.439322	-9.566642	-9.517309	-9.308267	-0.304886	22.000000	71.227525	75.353850	1709.505671	-4.253124	5.201292	47.345690	-9.573828	-9.592857	-9.518533	-3.276002	-9.526189	-4.626509	-9.565816	-9.364986	-9.164156
57.777778	-9.603684	-9.113948	2084.576204	-1.009466	-182.804762	0.000000	0.050995	9.356680	0.107887	4.360880	-182.804762	0.000000	86.323223	-182.790628	-9.439322	-9.566642	-9.517309	-9.308267	-0.531970	22.000000	71.326368	76.036386	1724.989936	-0.326817	3.580875	45.053680	-9.573828	-9.592857	-9.508533	-3.428148	-9.526189	-4.744593	-9.554710	-9.358816	-9.162922
58.888889	-9.587574	-9.133948	2104.504880	-0.943972	-183.923795	0.000000	0.047314	9.358929	0.100863	4.076965	-183.923795	0.000000	86.766172	-183.909660	-9.439322	-9.566642	-9.517309	-9.308267	-0.751970	22.000000	71.402701	76.426407	1733.838087	-1.110281	2.265261	41.657390	-9.554980	-9.592857	-9.508533	-3.575548	-9.526189	-4.858993	-9.542211	-9.360761	-9.179311
60.000000	-9.615294	-9.153948	2112.208456	-0.963528	-185.011247	0.000000	0.047980	9.382731	0.102692	4.150871	-185.011247	0.000000	87.430595	-184.997113	-9.449322	-9.556642	-9.517309	-9.308267	-0.951970	22.000000	71.461968	77.011437	1747.110314	-4.445396	5.895635	41.328290	-9.574980	-9.594966	-9.508533	-3.709548	-9.524389	-4.962993	-9.569159	-9.384621	-9.200083
61.111111	-9.592924	-9.173948	2107.010519	-0.872885	-186.055936	0.000000	0.043676	9.381877	0.093039	3.760725	-186.055936	0.000000	87.873544	-186.041802	-9.449322	-9.556642	-9.517309	-9.318267	-1.151970	22.000000	71.498126	77.401458	1755.958465	0.713025	5.677452	41.542630	-9.574980	-9.594966	-9.518533	-3.846848	-9.524389	-5.071793	-9.551026	-9.383436	-9.215846
62.222222	-9.640583	-9.183948	2114.565631	-0.954727	-187.064895	0.000000	0.047366	9.410419	0.101454	4.100855	-187.064895	0.000000	88.537967	-187.050761	-9.459322	-9.566642	-9.517309	-9.328267	-1.341970	22.000000	71.514976	77.986489	1769.230692	-9.544103	8.335850	39.498950	-9.576867	-9.593882	-9.518533	-3.977448	-9.526189	-5.175393	-9.594919	-9.412266	-9.229611
63.333333	-9.616783	-9.203948	2107.237650	-0.860161	-188.038432	0.000000	0.042929	9.408856	0.091420	3.695277	-188.038432	0.000000	88.980916	-188.024298	-9.459322	-9.566642	-9.517309	-9.328267	-1.519450	22.000000	71.512685	78.376509	1778.078843	-4.642615	6.960079	39.858910	-9.585038	-9.603882	-9.518533	-4.096360	-9.526189	-5.267682	-9.575499	-9.410366	-9.245232
64.444444	-9.614991	-9.213948	2107.128719	-0.835545	-188.981279	0.000000	0.041710	9.413046	0.088765	3.587930	-188.981279	0.000000	89.404442	-188.967145	-9.459322	-9.566642	-9.517309	-9.338267	-1.689450	22.000000	71.493808	78.749427	1786.539002	-3.041239	4.017225	35.532090	-9.585038	-9.603882	-9.528533	-4.213560	-9.526189	-5.360882	-9.574887	-9.414469	-9.254052
65.555556	-9.597878	-9.223948	2094.671783	-0.774454	-189.902718	0.000000	0.038960	9.409675	0.082304	3.326789	-189.902718	0.000000	89.847390	-189.888584	-9.463059	-9.566642	-9.517309	-9.348267	-1.839450	22.000000	71.463363	79.139448	1795.387153	-3.999576	6.682979	35.660090	-9.580676	-9.594729	-9.528533	-4.317360	-9.526189	-5.443682	-9.560485	-9.410913	-9.261341
66.666667	-9.618395	-9.233948	2149.571891	-0.817092	-190.793707	0.000000	0.039970	9.424865	0.086695	3.504292	-190.793707	0.000000	90.179602	-190.779573	-9.463059	-9.566642	-9.517309	-9.348267	-1.979450	22.000000	71.416463	79.431963	1802.023267	-5.520895	5.071166	31.955020	-9.575437	-9.594729	-9.528533	-4.411160	-9.526189	-5.516482	-9.579950	-9.426171	-9.272393
67.777778	-9.628729	-9.233948	2087.146932	-0.814685	-191.663568	0.000000	0.041000	9.429961	0.086393	3.492080	-191.663568	0.000000	90.622551	-191.649434	-9.463059	-9.566642	-9.517309	-9.348267	-2.109450	22.000000	71.358146	79.821983	1810.871418	-7.931549	6.699274	31.545290	-9.580372	-9.590678	-9.528533	-4.498260	-9.526189	-5.584082	-9.589251	-9.431338	-9.273426
68.888889	-9.615629	-9.233948	2147.158650	-0.810304	-192.531833	0.000000	0.039694	9.423500	0.085988	3.475682	-192.531833	0.000000	90.733288	-192.517699	-9.463059	-9.566642	-9.517309	-9.358267	-2.229450	22.000000	71.298967	79.919489	1813.083456	-6.256594	7.843241	31.065100	-9.577875	-9.600678	-9.528533	-4.581960	-9.526189	-5.651282	-9.577461	-9.424789	-9.272116
70.000000	-9.625599	-9.251586	2054.496854	-0.759748	-193.360090	0.000000	0.038856	9.437357	0.080504	3.254044	-193.360090	0.000000	91.176237	-193.345956	-9.473059	-9.566642	-9.517309	-9.358267	-2.309450	22.000000	71.218167	80.309509	1821.931607	-6.168801	6.226816	27.174740	-9.576105	-9.593814	-9.518533	-4.635560	-9.526189	-5.692882	-9.588198	-9.438592	-9.288987
71.111111	-9.612590	-9.261586	2057.060312	-0.713900	-194.178834	0.000000	0.036515	9.436000	0.075657	3.058112	-194.178834	0.000000	91.508449	-194.164699	-9.473059	-9.576642	-9.517309	-9.368267	-2.389450	22.000000	71.132227	80.602024	1828.567720	-7.228422	7.629998	27.984260	-9.576105	-9.593814	-9.518533	-4.692460	-9.527989	-5.739282	-9.577490	-9.437088	-9.296686
72.222222	-9.601465	-9.261586	2144.562176	-0.720682	-194.983379	0.000000	0.035399	9.430505	0.076420	3.088963	-194.983379	0.000000	91.729923	-194.969244	-9.473059	-9.576642	-9.517309	-9.368267	-2.455542	22.000000	71.038613	80.797035	1832.991796	-2.151857	3.109837	22.923990	-9.565858	-9.603814	-9.518533	-4.736741	-9.527989	-5.773650	-9.567477	-9.431525	-9.295574
73.333333	-9.605781	-9.261586	2054.494363	-0.699180	-195.787498	0.000000	0.035832	9.432637	0.074123	2.996127	-195.787498	0.000000	91.951397	-195.773364	-9.473059	-9.576642	-9.517309	-9.368267	-2.505542	22.000000	70.944770	80.992045	1837.415871	-2.331067	3.774225	22.928830	-9.573362	-9.593814	-9.518533	-4.770241	-9.527989	-5.799650	-9.571362	-9.433684	-9.296005
74.444444	-9.603288	-9.271586	2104.585935	-0.690228	-196.570130	0.000000	0.034540	9.436465	0.073145	2.956566	-196.570130	0.000000	92.062135	-196.555996	-9.473059	-9.576642	-9.517309	-9.368267	-2.555542	22.000000	70.839315	81.089550	1839.627909	-3.934769	4.894697	22.333620	-9.573362	-9.593898	-9.518533	-4.803741	-9.527989	-5.825650	-9.570118	-9.437437	-9.304756
75.555556	-9.596176	-9.271586	2152.140503	-0.690693	-197.346169	0.000000	0.033825	9.432950	0.073221	2.959660	-197.346169	0.000000	92.394346	-197.332035	-9.473059	-9.576642	-9.517309	-9.368267	-2.605542	22.000000	70.730297	81.382065	1846.264023	-1.492682	3.570905	21.516340	-9.576257	-9.593898	-9.528533	-4.837241	-9.527989	-5.851650	-9.563717	-9.433881	-9.304045
76.666667	-9.611951	-9.281586	2112.131919	-0.689904	-198.114118	0.000000	0.034370	9.445806	0.073038	2.952257	-198.114118	0.000000	92.615821	-198.099984	-9.473059	-9.576642	-9.527309	-9.378267	-2.655542	22.000000	70.616908	81.577076	1850.688098	-3.243820	4.760125	21.002520	-9.576257	-9.593898	-9.528533	-4.874041	-9.536189	-5.882450	-9.578914	-9.446769	-9.314623
77.777778	-9.611951	-9.281586	2102.142495	-0.686641	-198.871715	0.000000	0.034370	9.445806	0.072693	2.938294	-198.871715	0.000000	92.726558	-198.857580	-9.473059	-9.576642	-9.527309	-9.378267	-2.715542	22.000000	70.497924	81.674581	1852.900136	-4.481200	5.310856	20.651710	-9.576257	-9.593898	-9.528533	-4.914241	-9.536189	-5.913650	-9.578914	-9.446769	-9.314623
78.888889	-9.604747	-9.281586	2109.625004	-0.674062	-199.630327	0.000000	0.033646	9.442245	0.071388	2.885550	-199.630327	0.000000	93.058770	-199.616193	-9.473059	-9.576642	-9.527309	-9.378267	-2.785542	22.000000	70.379489	81.967096	1859.536249	-1.894435	3.568801	20.501380	-9.576257	-9.603898	-9.528811	-4.961141	-9.536189	-5.950050	-9.572431	-9.443167	-9.313902
80.000000	-9.604747	-9.291586	2124.680960	-0.657862	-200.369749	0.000000	0.032605	9.447301	0.069635	2.814694	-200.369749	0.000000	93.207423	-200.355615	-9.483059	-9.576642	-9.527309	-9.378267	-2.845542	22.000000	70.250684	82.097987	1862.505689	-3.079488	4.873106	21.050940	-9.576257	-9.603898	-9.538811	-5.001341	-9.536189	-5.981250	-9.573431	-9.448166	-9.322902
81.111111	-9.620918	-9.291586	2119.704247	-0.690206	-201.112978	0.000000	0.034231	9.455296	0.072997	2.950585	-201.112978	0.000000	93.318160	-201.098844	-9.483059	-9.576642	-9.527309	-9.388267	-2.915542	22.000000	70.123936	82.195492	1864.717727	-4.087197	5.496376	20.977740	-9.592658	-9.603898	-9.538811	-5.051541	-9.536189	-6.022450	-9.587985	-9.456252	-9.324519
82.222222	-9.624717	-9.291586	2122.071479	-0.698947	-201.851476	0.000000	0.034612	9.457174	0.073906	2.987355	-201.851476	0.000000	93.539624	-201.837341	-9.483059	-9.576642	-9.527309	-9.388267	-2.975542	22.000000	69.994631	82.390493	1869.141581	-2.495279	5.224659	20.912200	-9.582658	-9.603898	-9.538811	-5.091741	-9.536189	-6.053650	-9.591404	-9.458151	-9.324899
