!File created with processIceEx v1-11-02-2016 at 05/29/20 14:43:52 
!hour	 oC  	  oC  	 kg/h  	 kW    	  kWh 	 - 	 oC 	 kW/K 	 W/m2K 	 kWh 	 kWh 	 [kg,i/kg,w] 	 [kWh]	 oC	 oC	 oC	 oC	 oC 	 [kg,i/kg,w] 	 [kW/K] 	 [kg] 	 [kg] [W/m2] 	 [W/m2] 	[W/m2] 	[W/m2] 	 [oC] 	 [oC] 	 [oC] 	 [oC] 	 [oC] 	 [oC]	 [0-1]
!(1)Time	 (2)Tin 	 (3)TOut 	 (4)mFlow 	 (5)Power 	 (6)Energy 	 (7)tStoreAv 	 (8)eff 	 (9)lmd 	 (10)Ua 	 (11)U (12)eHxPerCycleNeg 	 (13)eHxPerCyclePos 	 (14)ratioIce 	 (15)eIcing 	 (16)Tz1	 (17)Tz2	 (18)Tz3	 (19)Tz4	 (20)Tz5	  (21)tAmb 	 (22) ratioIceCalc 	 (23) radioIce 	 (24) massIce (25) HF1 	 (26) HF2 	(27) HF3 	 (28) TS1 	 (29) TS2 	(30) TS3 	 (31) TwaterTS1 	 (32) TwaterTS2 	(33) TwaterTS3 (34) ThxTS1 	 (35) ThxTS2 	(36) ThxTS3 	(37) fConst
0.138889	-2.262920	0.503916	2099.790381	-6.158361	-0.833335	2.206392	0.619074	2.866740	2.148211	1074.105351	-0.833335	0.000000	0.000000	0.000000	2.360613	2.360180	2.315301	2.032345	1.988554	22.000000	0.000000	0.002125	0.000000	0.000000	0.000000	0.000000	0.000000	0.000000	0.000000	0.000000	0.000000	0.000000	0.000000	0.000000	0.000000	1.000000
0.277778	-2.481999	0.247563	2096.194001	-6.064994	-1.676677	1.884970	0.625047	2.782555	2.179649	1089.824504	-1.676677	0.000000	0.000000	0.000000	1.915285	1.915285	1.915285	1.834540	1.834540	22.000000	0.000000	0.002125	0.000000	0.000000	0.000000	0.000000	0.000000	0.000000	0.000000	0.000000	0.000000	0.000000	0.000000	0.000000	0.000000	1.000000
0.416667	-2.771999	0.046991	1995.563493	-5.963002	-2.517694	1.565012	0.649985	2.685320	2.220593	1110.296462	-2.517694	0.000000	0.000000	0.000000	1.565012	1.565012	1.565012	1.565012	1.565012	22.000000	0.000000	0.002125	0.000000	0.000000	0.000000	0.000000	0.000000	0.000000	0.000000	0.000000	0.000000	0.000000	0.000000	0.000000	0.000000	1.000000
0.555556	-3.021999	-0.241957	1996.787748	-5.884222	-3.348305	1.250304	0.650713	2.642975	2.226363	1113.181386	-3.348305	0.000000	0.000000	0.000000	1.250304	1.250304	1.250304	1.250304	1.250304	22.000000	0.000000	0.002125	0.000000	0.000000	0.000000	0.000000	0.000000	0.000000	0.000000	0.000000	0.000000	0.000000	0.000000	0.000000	0.000000	1.000000
0.694444	-3.256999	-0.530952	2145.210677	-6.198822	-4.179813	1.013919	0.638281	2.680774	2.312326	1156.162890	-4.179813	0.000000	0.100489	-0.831508	1.013918	1.013918	1.013918	1.013918	1.013918	22.000000	0.100489	0.002217	2.005752	0.000000	0.000000	0.000000	0.000000	0.000000	0.000000	0.000000	0.000000	0.000000	0.000000	0.000000	0.000000	1.000000
0.833333	-3.494494	-0.607003	1991.924790	-6.096765	-5.027867	0.843288	0.665661	2.635536	2.313292	1156.646031	-5.027867	0.000000	0.293165	-1.679561	0.843285	0.843285	0.843285	0.843285	0.843285	22.000000	0.293165	0.002377	5.851569	0.000000	0.000000	0.000000	0.000000	0.000000	0.000000	0.000000	0.000000	0.000000	0.000000	0.000000	0.000000	1.000000
0.972222	-3.704494	-0.813356	2124.375622	-6.510375	-5.906853	0.719832	0.653464	2.728084	2.386428	1193.213813	-5.906853	0.000000	0.561547	-2.558548	0.719831	0.719831	0.719831	0.719831	0.719831	22.000000	0.561547	0.002583	11.208478	0.000000	0.000000	0.000000	0.000000	0.000000	0.000000	0.000000	0.000000	0.000000	0.000000	0.000000	0.000000	1.000000
1.111111	-3.954494	-0.803230	1988.220024	-6.641330	-6.820497	0.632561	0.686991	2.713047	2.447923	1223.961526	-6.820497	0.000000	0.895089	-3.472192	0.632563	0.632563	0.632563	0.632563	0.632563	22.000000	0.895089	0.002822	17.865969	0.000000	0.000000	0.000000	0.000000	0.000000	0.000000	0.000000	0.000000	0.000000	0.000000	0.000000	0.000000	1.000000
1.250000	-4.164494	-0.972292	2109.741329	-7.138804	-7.782408	0.570458	0.674178	2.846610	2.507827	1253.913309	-7.782408	0.000000	1.285883	-4.434102	0.570465	0.570465	0.570465	0.570465	0.570465	22.000000	1.285883	0.003084	25.666225	0.000000	0.000000	0.000000	0.000000	0.000000	0.000000	0.000000	0.000000	0.000000	0.000000	0.000000	0.000000	1.000000
1.388889	-4.266695	-0.923554	2017.626932	-7.149924	-8.780592	0.522093	0.698118	2.791254	2.561546	1280.772888	-8.780592	0.000000	1.714550	-5.432287	0.522101	0.522101	0.522101	0.522101	0.522101	22.000000	1.714550	0.003353	34.222416	0.000000	0.000000	0.000000	0.000000	0.000000	0.000000	0.000000	0.000000	0.000000	0.000000	0.000000	0.000000	1.000000
1.527778	-4.036695	-0.963865	2119.541567	-6.903770	-9.757853	0.477342	0.680728	2.691426	2.565097	1282.548488	-9.757853	0.000000	2.136722	-6.409548	0.477351	0.477351	0.477351	0.477351	0.477351	22.000000	2.136722	0.003598	42.648971	0.000000	0.000000	0.000000	0.000000	0.000000	0.000000	0.000000	0.000000	0.000000	0.000000	0.000000	0.000000	1.000000
1.666667	-3.956695	-0.852747	1988.195249	-6.541531	-10.691096	0.437102	0.706439	2.532452	2.583082	1291.540829	-10.691096	0.000000	2.541068	-7.342791	0.437112	0.437112	0.437112	0.437112	0.437112	22.000000	2.541068	0.003817	50.719708	0.000000	0.000000	0.000000	0.000000	0.000000	0.000000	0.000000	0.000000	0.000000	0.000000	0.000000	0.000000	1.000000
1.805556	-3.896695	-0.953882	2117.069314	-6.603946	-11.609332	0.401584	0.684649	2.549944	2.589839	1294.919682	-11.609332	0.000000	2.942299	-8.261027	0.401594	0.401594	0.401594	0.401594	0.401594	22.000000	2.942299	0.004024	58.728279	0.000000	0.000000	0.000000	0.000000	0.000000	0.000000	0.000000	0.000000	0.000000	0.000000	0.000000	0.000000	1.000000
1.944444	-3.878054	-0.869824	2016.411967	-6.429781	-12.511386	0.370579	0.708047	2.443409	2.631479	1315.739684	-12.511386	0.000000	3.341070	-9.163080	0.370590	0.370590	0.370590	0.370590	0.370590	22.000000	3.341070	0.004219	66.687759	0.000000	0.000000	0.000000	0.000000	0.000000	0.000000	0.000000	0.000000	0.000000	0.000000	0.000000	0.000000	1.000000
2.083333	-3.803054	-0.941419	2104.862887	-6.384751	-13.401600	0.343735	0.690085	2.442802	2.613700	1306.849899	-13.401600	0.000000	3.738097	-10.053295	0.343747	0.343747	0.343747	0.343747	0.343747	22.000000	3.738097	0.004405	74.612412	0.000000	0.000000	0.000000	0.000000	0.000000	0.000000	0.000000	0.000000	0.000000	0.000000	0.000000	0.000000	1.000000
2.222222	-3.808054	-0.891925	2038.458891	-6.301074	-14.278894	0.320621	0.706311	2.380058	2.647446	1323.722931	-14.278894	0.000000	4.133064	-10.930589	0.320633	0.320633	0.320633	0.320633	0.320633	22.000000	4.133064	0.004583	82.495958	0.000000	0.000000	0.000000	0.000000	0.000000	0.000000	0.000000	0.000000	0.000000	0.000000	0.000000	0.000000	1.000000
2.361111	-3.748054	-0.931604	2093.757877	-6.250782	-15.151318	0.300774	0.695621	2.367796	2.639915	1319.957571	-15.151318	0.000000	4.529207	-11.803013	0.300788	0.300788	0.300788	0.300788	0.300788	22.000000	4.529207	0.004755	90.402975	0.000000	0.000000	0.000000	0.000000	0.000000	0.000000	0.000000	0.000000	0.000000	0.000000	0.000000	0.000000	1.000000
2.500000	-3.748054	-0.893941	2038.465600	-6.167091	-16.011381	0.283758	0.707898	2.319186	2.659162	1329.581159	-16.011381	0.000000	4.922316	-12.663076	0.283773	0.283773	0.283773	0.283773	0.283773	22.000000	4.922316	0.004919	98.249434	0.000000	0.000000	0.000000	0.000000	0.000000	0.000000	0.000000	0.000000	0.000000	0.000000	0.000000	0.000000	1.000000
2.638889	-3.698054	-0.928710	2092.483041	-6.142493	-16.867946	0.269168	0.698056	2.312577	2.656125	1328.062501	-16.867946	0.000000	5.316309	-13.519641	0.269183	0.269183	0.269183	0.269183	0.269183	22.000000	5.316309	0.005079	106.113518	0.000000	0.000000	0.000000	0.000000	0.000000	0.000000	0.000000	0.000000	0.000000	0.000000	0.000000	0.000000	1.000000
2.777778	-3.692925	-0.909490	2088.786532	-6.162842	-17.713309	0.256637	0.704745	2.281660	2.701034	1350.517099	-17.713309	0.000000	5.706844	-14.365004	0.256653	0.256653	0.256653	0.256653	0.256653	22.000000	5.706844	0.005232	113.908613	0.000000	0.000000	0.000000	0.000000	0.000000	0.000000	0.000000	0.000000	0.000000	0.000000	0.000000	0.000000	1.000000
2.916667	-3.642925	-0.901815	2041.036434	-5.930387	-18.553186	0.245851	0.704877	2.246141	2.640256	1320.127805	-18.553186	0.000000	6.096635	-15.204881	0.245867	0.245867	0.245867	0.245867	0.245867	22.000000	6.096635	0.005381	121.688830	0.000000	0.000000	0.000000	0.000000	0.000000	0.000000	0.000000	0.000000	0.000000	0.000000	0.000000	0.000000	1.000000
3.055556	-3.642925	-0.920081	2126.862327	-6.138581	-19.383180	0.236532	0.701862	2.249914	2.728363	1364.181356	-19.383180	0.000000	6.482535	-16.034875	0.236549	0.236549	0.236549	0.236549	0.236549	22.000000	6.482535	0.005524	129.391389	0.000000	0.000000	0.000000	0.000000	0.000000	0.000000	0.000000	0.000000	0.000000	0.000000	0.000000	0.000000	1.000000
3.194444	-3.602925	-0.855747	1991.847887	-5.800278	-20.210260	0.228442	0.717023	2.176173	2.665358	1332.678752	-20.210260	0.000000	6.868876	-16.861955	0.228460	0.228460	0.228460	0.228460	0.228460	22.000000	6.868876	0.005664	137.102757	0.000000	0.000000	0.000000	0.000000	0.000000	0.000000	0.000000	0.000000	0.000000	0.000000	0.000000	0.000000	1.000000
3.333333	-3.592925	-0.935367	2135.482697	-6.015678	-21.033098	0.221376	0.696735	2.227349	2.700825	1350.412416	-21.033098	0.000000	7.253396	-17.684793	0.221395	0.221395	0.221395	0.221395	0.221395	22.000000	7.253396	0.005800	144.777780	0.000000	0.000000	0.000000	0.000000	0.000000	0.000000	0.000000	0.000000	0.000000	0.000000	0.000000	0.000000	1.000000
3.472222	-3.567989	-0.842018	1996.792910	-5.769791	-21.847757	0.215167	0.720555	2.138103	2.698556	1349.278245	-21.847757	0.000000	7.635318	-18.499451	0.215187	0.215187	0.215187	0.215187	0.215187	22.000000	7.635318	0.005932	152.400944	0.000000	0.000000	0.000000	0.000000	0.000000	0.000000	0.000000	0.000000	0.000000	0.000000	0.000000	0.000000	1.000000
3.611111	-3.542989	-0.926821	2126.865424	-5.898091	-22.661831	0.209674	0.697150	2.190148	2.693010	1346.505085	-22.661831	0.000000	8.016999	-19.313526	0.209695	0.209695	0.209695	0.209695	0.209695	22.000000	8.016999	0.006062	160.019301	0.000000	0.000000	0.000000	0.000000	0.000000	0.000000	0.000000	0.000000	0.000000	0.000000	0.000000	0.000000	1.000000
3.750000	-3.567989	-0.857977	2026.236980	-5.820593	-23.470161	0.204777	0.718309	2.139014	2.721157	1360.578672	-23.470161	0.000000	8.396833	-20.121856	0.204798	0.204798	0.204798	0.204798	0.204798	22.000000	8.396833	0.006187	167.600780	0.000000	0.000000	0.000000	0.000000	0.000000	0.000000	0.000000	0.000000	0.000000	0.000000	0.000000	0.000000	1.000000
3.888889	-3.527989	-0.911818	2097.455418	-5.816540	-24.275720	0.200381	0.701693	2.162782	2.689379	1344.689449	-24.275720	0.000000	8.775385	-20.927415	0.200403	0.200403	0.200403	0.200403	0.200403	22.000000	8.775385	0.006310	175.156694	0.000000	0.000000	0.000000	0.000000	0.000000	0.000000	0.000000	0.000000	0.000000	0.000000	0.000000	0.000000	1.000000
4.027778	-3.557989	-0.871781	2037.280054	-5.800912	-25.081146	0.196403	0.715484	2.137056	2.714440	1357.220033	-25.081146	0.000000	9.154592	-21.732841	0.196426	0.196426	0.196426	0.196426	0.196426	22.000000	9.154592	0.006431	182.725658	0.000000	0.000000	0.000000	0.000000	0.000000	0.000000	0.000000	0.000000	0.000000	0.000000	0.000000	0.000000	1.000000
4.166667	-3.517989	-0.907047	2097.437870	-5.804867	-25.887909	0.192775	0.703613	2.146998	2.703713	1351.856609	-25.887909	0.000000	9.534777	-22.539604	0.192799	0.192799	0.192799	0.192799	0.192799	22.000000	9.534777	0.006550	190.314155	0.000000	0.000000	0.000000	0.000000	0.000000	0.000000	0.000000	0.000000	0.000000	0.000000	0.000000	0.000000	1.000000
4.305556	-3.559775	-0.893312	2086.307053	-5.896845	-26.690524	0.189444	0.711205	2.146845	2.746749	1373.374522	-26.690524	0.000000	9.913082	-23.342218	0.189469	0.189469	0.189469	0.189469	0.189469	22.000000	9.913082	0.006666	197.865121	0.000000	0.000000	0.000000	0.000000	0.000000	0.000000	0.000000	0.000000	0.000000	0.000000	0.000000	0.000000	1.000000
4.444444	-3.564775	-0.856671	1999.309550	-5.739198	-27.498168	0.186364	0.721942	2.115831	2.712503	1356.251410	-27.498168	0.000000	10.294632	-24.149863	0.186390	0.186390	0.186390	0.186390	0.186390	22.000000	10.294632	0.006782	205.480859	0.000000	0.000000	0.000000	0.000000	0.000000	0.000000	0.000000	0.000000	0.000000	0.000000	0.000000	0.000000	1.000000
4.583333	-3.544775	-0.931445	2112.199130	-5.851066	-28.308450	0.183496	0.700950	2.164889	2.702710	1351.354849	-28.308450	0.000000	10.677407	-24.960145	0.183523	0.183523	0.183523	0.183523	0.183523	22.000000	10.677407	0.006895	213.121038	0.000000	0.000000	0.000000	0.000000	0.000000	0.000000	0.000000	0.000000	0.000000	0.000000	0.000000	0.000000	1.000000
4.722222	-3.579775	-0.880003	2033.617610	-5.819723	-29.115552	0.180812	0.717912	2.133301	2.728037	1364.018372	-29.115552	0.000000	11.059088	-25.767246	0.180840	0.180840	0.180840	0.180840	0.180840	22.000000	11.059088	0.007007	220.739388	0.000000	0.000000	0.000000	0.000000	0.000000	0.000000	0.000000	0.000000	0.000000	0.000000	0.000000	0.000000	1.000000
4.861111	-3.548799	-0.900025	2044.697846	-5.740900	-29.926958	0.178289	0.710682	2.135714	2.688047	1344.023280	-29.926958	0.000000	11.443156	-26.578653	0.178318	0.178318	0.178318	0.178318	0.178318	22.000000	11.443156	0.007117	228.405392	0.000000	0.000000	0.000000	0.000000	0.000000	0.000000	0.000000	0.000000	0.000000	0.000000	0.000000	0.000000	1.000000
5.000000	-3.598799	-0.889733	2036.057863	-5.846765	-30.737265	0.175907	0.717689	2.141983	2.729604	1364.802013	-30.737265	0.000000	11.826713	-27.388959	0.175938	0.175938	0.175938	0.175938	0.175938	22.000000	11.826713	0.007226	236.061194	0.000000	0.000000	0.000000	0.000000	0.000000	0.000000	0.000000	0.000000	0.000000	0.000000	0.000000	0.000000	0.999255
5.138889	-3.558799	-0.925967	2096.262130	-5.850252	-31.552095	0.173650	0.705390	2.154346	2.715559	1357.779347	-31.552095	0.000000	12.212870	-28.203790	0.173681	0.173681	0.173681	0.173681	0.173681	22.000000	12.212870	0.007334	243.768894	0.000000	0.000000	0.000000	0.000000	0.000000	0.000000	0.000000	0.000000	0.000000	0.000000	0.000000	0.000000	0.997311
5.277778	-3.608799	-0.916597	2083.928735	-5.946979	-32.364308	0.171503	0.712166	2.161768	2.750980	1375.489832	-32.364308	0.000000	12.597734	-29.016003	0.171536	0.171536	0.171536	0.171536	0.171536	22.000000	12.597734	0.007440	251.450775	0.000000	0.000000	0.000000	0.000000	0.000000	0.000000	0.000000	0.000000	0.000000	0.000000	0.000000	0.000000	0.996275
5.416667	-3.588799	-0.933594	2092.459299	-5.889263	-33.182384	0.169457	0.706499	2.165967	2.719000	1359.499995	-33.182384	0.000000	12.985950	-29.834079	0.169490	0.169490	0.169490	0.169490	0.169490	22.000000	12.985950	0.007545	259.199563	0.000000	0.000000	0.000000	0.000000	0.000000	0.000000	0.000000	0.000000	0.000000	0.000000	0.000000	0.000000	0.993488
5.555556	-3.626099	-0.920697	2078.963584	-5.961898	-33.995942	0.167501	0.713149	2.166414	2.751966	1375.983030	-33.995942	0.000000	13.371796	-30.647637	0.167535	0.167535	0.167535	0.167535	0.167535	22.000000	13.371796	0.007648	266.901051	0.000000	0.000000	0.000000	0.000000	0.000000	0.000000	0.000000	0.000000	0.000000	0.000000	0.000000	0.000000	0.991593
5.694444	-3.596099	-0.922137	2038.592052	-5.778186	-34.813735	0.165628	0.710834	2.155112	2.681153	1340.576574	-34.813735	0.000000	13.760176	-31.465430	0.165664	0.165664	0.165664	0.165664	0.165664	22.000000	13.760176	0.007751	274.653105	0.000000	0.000000	0.000000	0.000000	0.000000	0.000000	0.000000	0.000000	0.000000	0.000000	0.000000	0.000000	0.990122
5.833333	-3.621099	-0.956428	2128.117550	-6.010977	-35.627533	0.163834	0.704021	2.188703	2.746365	1373.182474	-35.627533	0.000000	14.146133	-32.279228	0.163871	0.163871	0.163871	0.163871	0.163871	22.000000	14.146133	0.007852	282.356816	0.000000	0.000000	0.000000	0.000000	0.000000	0.000000	0.000000	0.000000	0.000000	0.000000	0.000000	0.000000	0.986476
5.972222	-3.616099	-0.885519	1995.576912	-5.776027	-36.442154	0.162111	0.722718	2.128742	2.713352	1356.675849	-36.442154	0.000000	14.533200	-33.093849	0.162149	0.162149	0.162149	0.162149	0.162149	22.000000	14.533200	0.007952	290.082670	0.000000	0.000000	0.000000	0.000000	0.000000	0.000000	0.000000	0.000000	0.000000	0.000000	0.000000	0.000000	0.984340
6.111111	-3.636099	-0.974868	2125.629813	-5.996200	-37.259610	0.160455	0.700960	2.204508	2.719972	1359.985956	-37.259610	0.000000	14.921119	-33.911304	0.160494	0.160494	0.160494	0.160494	0.160494	22.000000	14.921119	0.008051	297.825543	0.000000	0.000000	0.000000	0.000000	0.000000	0.000000	0.000000	0.000000	0.000000	0.000000	0.000000	0.000000	0.982059
6.250000	-3.636099	-0.897870	1997.967617	-5.799147	-38.075012	0.158859	0.721544	2.141760	2.707655	1353.827613	-38.075012	0.000000	15.308758	-34.726707	0.158900	0.158900	0.158900	0.158900	0.158900	22.000000	15.308758	0.008149	305.562802	0.000000	0.000000	0.000000	0.000000	0.000000	0.000000	0.000000	0.000000	0.000000	0.000000	0.000000	0.000000	0.978556
6.388889	-3.627012	-0.990396	2136.694565	-5.971663	-38.892009	0.157322	0.696719	2.209897	2.702235	1351.117733	-38.892009	0.000000	15.696612	-35.543704	0.157364	0.157364	0.157364	0.157364	0.157364	22.000000	15.696612	0.008246	313.304385	0.000000	0.000000	0.000000	0.000000	0.000000	0.000000	0.000000	0.000000	0.000000	0.000000	0.000000	0.000000	0.976134
6.527778	-3.622012	-0.902721	1997.958327	-5.759011	-39.706555	0.155839	0.719798	2.137395	2.694407	1347.203525	-39.706555	0.000000	16.083963	-36.358249	0.155882	0.155882	0.155882	0.155882	0.155882	22.000000	16.083963	0.008341	321.035896	0.000000	0.000000	0.000000	0.000000	0.000000	0.000000	0.000000	0.000000	0.000000	0.000000	0.000000	0.000000	0.974046
6.666667	-3.607012	-0.990864	2129.359354	-5.904962	-40.519751	0.154408	0.695521	2.200007	2.684064	1342.032217	-40.519751	0.000000	16.469906	-37.171446	0.154453	0.154453	0.154453	0.154453	0.154453	22.000000	16.469906	0.008436	328.739333	0.000000	0.000000	0.000000	0.000000	0.000000	0.000000	0.000000	0.000000	0.000000	0.000000	0.000000	0.000000	0.969924
6.805556	-3.647012	-0.940322	2039.732695	-5.852180	-41.332975	0.153026	0.712280	2.172711	2.693492	1346.746129	-41.332975	0.000000	16.856397	-37.984669	0.153072	0.153072	0.153072	0.153072	0.153072	22.000000	16.856397	0.008529	336.453681	0.000000	0.000000	0.000000	0.000000	0.000000	0.000000	0.000000	0.000000	0.000000	0.000000	0.000000	0.000000	0.967237
6.944444	-3.622012	-0.990533	2112.205324	-5.891718	-42.148614	0.151689	0.697321	2.201925	2.675713	1337.856332	-42.148614	0.000000	17.243969	-38.800309	0.151735	0.151735	0.151735	0.151735	0.151735	22.000000	17.243969	0.008622	344.189620	0.000000	0.000000	0.000000	0.000000	0.000000	0.000000	0.000000	0.000000	0.000000	0.000000	0.000000	0.000000	0.964889
7.083333	-3.661620	-0.928137	2017.590804	-5.845954	-42.959771	0.150394	0.717071	2.165036	2.700166	1350.082759	-42.959771	0.000000	17.629475	-39.611466	0.150442	0.150442	0.150442	0.150442	0.150442	22.000000	17.629475	0.008713	351.884314	0.000000	0.000000	0.000000	0.000000	0.000000	0.000000	0.000000	0.000000	0.000000	0.000000	0.000000	0.000000	0.960936
7.222222	-3.621620	-0.965869	2045.879779	-5.759349	-43.773416	0.149140	0.704301	2.179679	2.642293	1321.146263	-43.773416	0.000000	18.016160	-40.425111	0.149190	0.149190	0.149190	0.149190	0.149190	22.000000	18.016160	0.008804	359.602545	0.000000	0.000000	0.000000	0.000000	0.000000	0.000000	0.000000	0.000000	0.000000	0.000000	0.000000	0.000000	0.957915
7.361111	-3.636620	-1.017006	2140.331203	-5.943253	-44.585893	0.147925	0.692187	2.223283	2.673188	1336.594135	-44.585893	0.000000	18.402037	-41.237588	0.147975	0.147975	0.147975	0.147975	0.147975	22.000000	18.402037	0.008893	367.304658	0.000000	0.000000	0.000000	0.000000	0.000000	0.000000	0.000000	0.000000	0.000000	0.000000	0.000000	0.000000	0.955311
7.500000	-3.656620	-0.933310	1999.183615	-5.771060	-45.397312	0.146745	0.716026	2.163290	2.667723	1333.861657	-45.397312	0.000000	18.787962	-42.049007	0.146797	0.146797	0.146797	0.146797	0.146797	22.000000	18.787962	0.008982	375.007722	0.000000	0.000000	0.000000	0.000000	0.000000	0.000000	0.000000	0.000000	0.000000	0.000000	0.000000	0.000000	0.951775
7.638889	-3.646620	-1.018447	2119.482729	-5.904590	-46.211224	0.145600	0.693043	2.225287	2.653406	1326.703001	-46.211224	0.000000	19.174631	-42.862919	0.145653	0.145653	0.145653	0.145653	0.145653	22.000000	19.174631	0.009071	382.725629	0.000000	0.000000	0.000000	0.000000	0.000000	0.000000	0.000000	0.000000	0.000000	0.000000	0.000000	0.000000	0.948283
7.777778	-3.671620	-0.946745	2015.156744	-5.820513	-47.021881	0.144486	0.714046	2.176550	2.674192	1337.096054	-47.021881	0.000000	19.560141	-43.673576	0.144541	0.144541	0.144541	0.144541	0.144541	22.000000	19.560141	0.009158	390.420414	0.000000	0.000000	0.000000	0.000000	0.000000	0.000000	0.000000	0.000000	0.000000	0.000000	0.000000	0.000000	0.945409
7.916667	-3.650250	-1.023244	2117.034218	-5.895150	-47.834952	0.143404	0.692474	2.227796	2.646180	1323.089974	-47.834952	0.000000	19.946497	-44.486647	0.143460	0.143460	0.143460	0.143460	0.143460	22.000000	19.946497	0.009244	398.132072	0.000000	0.000000	0.000000	0.000000	0.000000	0.000000	0.000000	0.000000	0.000000	0.000000	0.000000	0.000000	0.942807
8.055556	-3.680249	-0.955848	2002.916252	-5.784152	-48.644001	0.142352	0.712709	2.184311	2.648044	1324.022025	-48.644001	0.000000	20.331175	-45.295696	0.142409	0.142409	0.142409	0.142409	0.142409	22.000000	20.331175	0.009330	405.810247	0.000000	0.000000	0.000000	0.000000	0.000000	0.000000	0.000000	0.000000	0.000000	0.000000	0.000000	0.000000	0.938733
8.194444	-3.640249	-1.011013	2086.440214	-5.814888	-49.456505	0.141327	0.695275	2.212517	2.628177	1314.088604	-49.456505	0.000000	20.717406	-46.108200	0.141386	0.141386	0.141386	0.141386	0.141386	22.000000	20.717406	0.009415	413.519418	0.000000	0.000000	0.000000	0.000000	0.000000	0.000000	0.000000	0.000000	0.000000	0.000000	0.000000	0.000000	0.935449
8.333333	-3.680249	-1.026808	2123.200915	-5.971816	-50.265343	0.140330	0.694513	2.237591	2.668860	1334.429830	-50.265343	0.000000	21.101646	-46.917038	0.140390	0.140390	0.140390	0.140390	0.140390	22.000000	21.101646	0.009499	421.188849	0.000000	0.000000	0.000000	0.000000	0.000000	0.000000	0.000000	0.000000	0.000000	0.000000	0.000000	0.000000	0.932586
8.472222	-3.660249	-0.979067	1993.097949	-5.664490	-51.076142	0.139358	0.705647	2.192342	2.583762	1291.880869	-51.076142	0.000000	21.487440	-47.727837	0.139419	0.139419	0.139419	0.139419	0.139419	22.000000	21.487440	0.009582	428.889305	0.000000	0.000000	0.000000	0.000000	0.000000	0.000000	0.000000	0.000000	0.000000	0.000000	0.000000	0.000000	0.929948
8.611111	-3.700498	-1.020030	2085.140604	-5.924501	-51.885371	0.138411	0.698237	2.237241	2.648128	1324.064054	-51.885371	0.000000	21.871826	-48.537066	0.138473	0.138473	0.138473	0.138473	0.138473	22.000000	21.871826	0.009665	436.561651	0.000000	0.000000	0.000000	0.000000	0.000000	0.000000	0.000000	0.000000	0.000000	0.000000	0.000000	0.000000	0.925637
8.750000	-3.660498	-1.014937	2043.494236	-5.730560	-52.695593	0.137487	0.696570	2.218308	2.583302	1291.651226	-52.695593	0.000000	22.257206	-49.347288	0.137550	0.137550	0.137550	0.137550	0.137550	22.000000	22.257206	0.009747	444.253838	0.000000	0.000000	0.000000	0.000000	0.000000	0.000000	0.000000	0.000000	0.000000	0.000000	0.000000	0.000000	0.922390
8.888889	-3.690498	-1.024454	2083.863703	-5.889013	-53.502847	0.136585	0.696626	2.235138	2.634743	1317.371453	-53.502847	0.000000	22.640732	-50.154542	0.136650	0.136650	0.136650	0.136650	0.136650	22.000000	22.640732	0.009829	451.909012	0.000000	0.000000	0.000000	0.000000	0.000000	0.000000	0.000000	0.000000	0.000000	0.000000	0.000000	0.000000	0.919496
9.027778	-3.675498	-0.984978	1998.027488	-5.698276	-54.311789	0.135706	0.705950	2.198126	2.592334	1296.166831	-54.311789	0.000000	23.025555	-50.963484	0.135772	0.135772	0.135772	0.135772	0.135772	22.000000	23.025555	0.009909	459.590083	0.000000	0.000000	0.000000	0.000000	0.000000	0.000000	0.000000	0.000000	0.000000	0.000000	0.000000	0.000000	0.916806
9.166667	-3.700498	-1.066358	2118.347247	-5.914824	-55.120118	0.134846	0.686807	2.268983	2.606818	1303.409003	-55.120118	0.000000	23.409439	-51.771813	0.134914	0.134914	0.134914	0.134914	0.134914	22.000000	23.409439	0.009989	467.252408	0.000000	0.000000	0.000000	0.000000	0.000000	0.000000	0.000000	0.000000	0.000000	0.000000	0.000000	0.000000	0.912491
9.305556	-3.690498	-1.010665	1989.488666	-5.651387	-55.928717	0.134007	0.700701	2.221511	2.543938	1271.969053	-55.928717	0.000000	23.794181	-52.580412	0.134076	0.134076	0.134076	0.134076	0.134076	22.000000	23.794181	0.010069	474.931862	0.000000	0.000000	0.000000	0.000000	0.000000	0.000000	0.000000	0.000000	0.000000	0.000000	0.000000	0.000000	0.909189
9.444444	-3.708134	-1.069807	2125.611233	-5.944542	-56.736330	0.133186	0.686828	2.272454	2.615913	1307.956344	-56.736330	0.000000	24.177793	-53.388025	0.133257	0.133257	0.133257	0.133257	0.133257	22.000000	24.177793	0.010148	482.588740	0.000000	0.000000	0.000000	0.000000	0.000000	0.000000	0.000000	0.000000	0.000000	0.000000	0.000000	0.000000	0.906230
9.583333	-3.693134	-1.006039	1991.906210	-5.673589	-57.543456	0.132384	0.702414	2.216983	2.559148	1279.574084	-57.543456	0.000000	24.561818	-54.195151	0.132456	0.132456	0.132456	0.132456	0.132456	22.000000	24.561818	0.010226	490.253880	0.000000	0.000000	0.000000	0.000000	0.000000	0.000000	0.000000	0.000000	0.000000	0.000000	0.000000	0.000000	0.903474
9.722222	-3.728134	-1.088188	2124.394203	-5.944782	-58.350451	0.131599	0.683971	2.291776	2.593963	1296.981406	-58.350451	0.000000	24.945030	-55.002146	0.131673	0.131673	0.131673	0.131673	0.131673	22.000000	24.945030	0.010304	497.902793	0.000000	0.000000	0.000000	0.000000	0.000000	0.000000	0.000000	0.000000	0.000000	0.000000	0.000000	0.000000	0.899445
9.861111	-3.718134	-1.012701	1991.892790	-5.712268	-59.157734	0.130831	0.702899	2.229111	2.562577	1281.288362	-59.157734	0.000000	25.329199	-55.809429	0.130907	0.130907	0.130907	0.130907	0.130907	22.000000	25.329199	0.010381	505.570820	0.000000	0.000000	0.000000	0.000000	0.000000	0.000000	0.000000	0.000000	0.000000	0.000000	0.000000	0.000000	0.895972
10.000000	-3.713134	-1.103895	2125.639620	-5.879080	-59.965447	0.130079	0.678921	2.296727	2.559765	1279.882347	-59.965447	0.000000	25.712907	-56.617142	0.130156	0.130156	0.130156	0.130156	0.130156	22.000000	25.712907	0.010458	513.229629	0.000000	0.000000	0.000000	0.000000	0.000000	0.000000	0.000000	0.000000	0.000000	0.000000	0.000000	0.000000	0.892908
10.138889	-3.742388	-1.036475	2018.885769	-5.790705	-60.770551	0.129343	0.698890	2.254404	2.568619	1284.309330	-60.770551	0.000000	26.095780	-57.422246	0.129422	0.129422	0.129422	0.129422	0.129422	22.000000	26.095780	0.010534	520.871763	0.000000	0.000000	0.000000	0.000000	0.000000	0.000000	0.000000	0.000000	0.000000	0.000000	0.000000	0.000000	0.890068
10.277778	-3.717388	-1.099650	2092.555815	-5.806429	-61.579149	0.128622	0.680637	2.293388	2.531812	1265.906171	-61.579149	0.000000	26.480183	-58.230844	0.128702	0.128702	0.128702	0.128702	0.128702	22.000000	26.480183	0.010610	528.544445	0.000000	0.000000	0.000000	0.000000	0.000000	0.000000	0.000000	0.000000	0.000000	0.000000	0.000000	0.000000	0.886638
10.416667	-3.737388	-1.067784	2047.061712	-5.792734	-62.382678	0.127915	0.690658	2.275278	2.545945	1272.972635	-62.382678	0.000000	26.862098	-59.034372	0.127997	0.127997	0.127997	0.127997	0.127997	22.000000	26.862098	0.010684	536.167485	0.000000	0.000000	0.000000	0.000000	0.000000	0.000000	0.000000	0.000000	0.000000	0.000000	0.000000	0.000000	0.882777
10.555556	-3.722388	-1.055241	1991.984661	-5.631691	-63.188030	0.127223	0.692835	2.259583	2.492359	1246.179383	-63.188030	0.000000	27.245071	-59.839725	0.127306	0.127306	0.127306	0.127306	0.127306	22.000000	27.245071	0.010759	543.811616	0.000000	0.000000	0.000000	0.000000	0.000000	0.000000	0.000000	0.000000	0.000000	0.000000	0.000000	0.000000	0.879574
10.694444	-3.747388	-1.095338	2085.138539	-5.861686	-63.991544	0.126546	0.684589	2.298382	2.550354	1275.176780	-63.991544	0.000000	27.626686	-60.643239	0.126630	0.126630	0.126630	0.126630	0.126630	22.000000	27.626686	0.010833	551.428647	0.000000	0.000000	0.000000	0.000000	0.000000	0.000000	0.000000	0.000000	0.000000	0.000000	0.000000	0.000000	0.876632
10.833333	-3.760095	-1.048103	1989.447376	-5.719088	-64.795131	0.125881	0.697892	2.265712	2.524190	1262.094964	-64.795131	0.000000	28.008791	-61.446826	0.125967	0.125967	0.125967	0.125967	0.125967	22.000000	28.008791	0.010906	559.055476	0.000000	0.000000	0.000000	0.000000	0.000000	0.000000	0.000000	0.000000	0.000000	0.000000	0.000000	0.000000	0.873856
10.972222	-3.750095	-1.148342	2117.098217	-5.838657	-65.603132	0.125229	0.671364	2.338014	2.497272	1248.636067	-65.603132	0.000000	28.392756	-62.254827	0.125317	0.125317	0.125317	0.125317	0.125317	22.000000	28.392756	0.010979	566.719417	0.000000	0.000000	0.000000	0.000000	0.000000	0.000000	0.000000	0.000000	0.000000	0.000000	0.000000	0.000000	0.869847
11.111111	-3.765095	-1.068580	2015.113389	-5.759810	-66.406503	0.124587	0.693248	2.281864	2.524169	1262.084396	-66.406503	0.000000	28.774852	-63.058198	0.124677	0.124677	0.124677	0.124677	0.124677	22.000000	28.774852	0.011052	574.346039	0.000000	0.000000	0.000000	0.000000	0.000000	0.000000	0.000000	0.000000	0.000000	0.000000	0.000000	0.000000	0.866361
11.250000	-3.745095	-1.161684	2136.661533	-5.851068	-67.211058	0.123959	0.667711	2.344822	2.495314	1247.656974	-67.211058	0.000000	29.157028	-63.862753	0.124050	0.124050	0.124050	0.124050	0.124050	22.000000	29.157028	0.011124	581.974278	0.000000	0.000000	0.000000	0.000000	0.000000	0.000000	0.000000	0.000000	0.000000	0.000000	0.000000	0.000000	0.863259
11.388889	-3.775095	-1.095902	2040.889854	-5.796015	-68.012645	0.123342	0.687248	2.304990	2.514551	1257.275575	-68.012645	0.000000	29.538098	-64.664340	0.123435	0.123435	0.123435	0.123435	0.123435	22.000000	29.538098	0.011195	589.580433	0.000000	0.000000	0.000000	0.000000	0.000000	0.000000	0.000000	0.000000	0.000000	0.000000	0.000000	0.000000	0.860369
11.527778	-3.755095	-1.153531	2101.146765	-5.794245	-68.816777	0.122737	0.670881	2.340933	2.475186	1237.593009	-68.816777	0.000000	29.920220	-65.468472	0.122832	0.122832	0.122832	0.122832	0.122832	22.000000	29.920220	0.011266	597.207592	0.000000	0.000000	0.000000	0.000000	0.000000	0.000000	0.000000	0.000000	0.000000	0.000000	0.000000	0.000000	0.857617
11.666667	-3.785238	-1.118813	2039.729598	-5.765113	-69.617168	0.122142	0.682407	2.324724	2.479913	1239.956364	-69.617168	0.000000	30.300547	-66.268862	0.122239	0.122239	0.122239	0.122239	0.122239	22.000000	30.300547	0.011337	604.798927	0.000000	0.000000	0.000000	0.000000	0.000000	0.000000	0.000000	0.000000	0.000000	0.000000	0.000000	0.000000	0.853538
11.805556	-3.760238	-1.129480	2038.560052	-5.684737	-70.417175	0.121559	0.677717	2.323327	2.446809	1223.404455	-70.417175	0.000000	30.680647	-67.068870	0.121658	0.121658	0.121658	0.121658	0.121658	22.000000	30.680647	0.011407	612.385720	0.000000	0.000000	0.000000	0.000000	0.000000	0.000000	0.000000	0.000000	0.000000	0.000000	0.000000	0.000000	0.850141
11.944444	-3.775238	-1.189522	2132.993928	-5.846236	-71.218608	0.120987	0.663647	2.373103	2.463541	1231.770265	-71.218608	0.000000	31.061216	-67.870303	0.121087	0.121087	0.121087	0.121087	0.121087	22.000000	31.061216	0.011476	619.981864	0.000000	0.000000	0.000000	0.000000	0.000000	0.000000	0.000000	0.000000	0.000000	0.000000	0.000000	0.000000	0.847075
12.083333	-3.790238	-1.097022	1990.698470	-5.683064	-72.018899	0.120424	0.688686	2.307907	2.462432	1231.216172	-72.018899	0.000000	31.441789	-68.670594	0.120526	0.120526	0.120526	0.120526	0.120526	22.000000	31.441789	0.011546	627.578102	0.000000	0.000000	0.000000	0.000000	0.000000	0.000000	0.000000	0.000000	0.000000	0.000000	0.000000	0.000000	0.844196
12.222222	-3.785238	-1.191129	2119.520922	-5.828164	-72.820134	0.119870	0.664286	2.376655	2.452255	1226.127573	-72.820134	0.000000	31.822201	-69.471829	0.119974	0.119974	0.119974	0.119974	0.119974	22.000000	31.822201	0.011614	635.171129	0.000000	0.000000	0.000000	0.000000	0.000000	0.000000	0.000000	0.000000	0.000000	0.000000	0.000000	0.000000	0.841453
12.361111	-3.775238	-1.152074	2033.650642	-5.654675	-73.620039	0.119326	0.673545	2.343234	2.413193	1206.596488	-73.620039	0.000000	32.202444	-70.271734	0.119431	0.119431	0.119431	0.119431	0.119431	22.000000	32.202444	0.011683	642.760783	0.000000	0.000000	0.000000	0.000000	0.000000	0.000000	0.000000	0.000000	0.000000	0.000000	0.000000	0.000000	0.837547
12.500000	-3.809244	-1.190388	2120.685307	-5.886995	-74.418529	0.118791	0.666709	2.383510	2.469884	1234.942104	-74.418529	0.000000	32.581480	-71.070224	0.118898	0.118898	0.118898	0.118898	0.118898	22.000000	32.581480	0.011751	650.326340	0.000000	0.000000	0.000000	0.000000	0.000000	0.000000	0.000000	0.000000	0.000000	0.000000	0.000000	0.000000	0.834104
12.638889	-3.789244	-1.190810	2094.960455	-5.770233	-75.219740	0.118264	0.664985	2.376081	2.428466	1214.233124	-75.219740	0.000000	32.962323	-71.871435	0.118374	0.118374	0.118374	0.118374	0.118374	22.000000	32.962323	0.011818	657.927965	0.000000	0.000000	0.000000	0.000000	0.000000	0.000000	0.000000	0.000000	0.000000	0.000000	0.000000	0.000000	0.830835
12.777778	-3.819244	-1.186163	2087.600986	-5.826631	-76.017826	0.117746	0.668805	2.382772	2.445316	1222.658129	-76.017826	0.000000	33.341352	-72.669521	0.117858	0.117858	0.117858	0.117858	0.117858	22.000000	33.341352	0.011886	665.493394	0.000000	0.000000	0.000000	0.000000	0.000000	0.000000	0.000000	0.000000	0.000000	0.000000	0.000000	0.000000	0.827687
12.916667	-3.809244	-1.207148	2093.740329	-5.775000	-76.818273	0.117236	0.662704	2.394283	2.411996	1205.997871	-76.818273	0.000000	33.721692	-73.469968	0.117350	0.117350	0.117350	0.117350	0.117350	22.000000	33.721692	0.011953	673.084971	0.000000	0.000000	0.000000	0.000000	0.000000	0.000000	0.000000	0.000000	0.000000	0.000000	0.000000	0.000000	0.824677
13.055556	-3.840300	-1.227847	2134.181022	-5.909975	-77.617366	0.116735	0.660205	2.420255	2.441881	1220.940288	-77.617366	0.000000	34.101176	-74.269061	0.116850	0.116850	0.116850	0.116850	0.116850	22.000000	34.101176	0.012019	680.659468	0.000000	0.000000	0.000000	0.000000	0.000000	0.000000	0.000000	0.000000	0.000000	0.000000	0.000000	0.000000	0.820781
13.194444	-3.825300	-1.150769	1997.971230	-5.664254	-78.415156	0.116240	0.678550	2.356597	2.403574	1201.786784	-78.415156	0.000000	34.480489	-75.066851	0.116358	0.116358	0.116358	0.116358	0.116358	22.000000	34.480489	0.012085	688.230564	0.000000	0.000000	0.000000	0.000000	0.000000	0.000000	0.000000	0.000000	0.000000	0.000000	0.000000	0.000000	0.816997
13.333333	-3.830300	-1.251006	2126.929940	-5.815137	-79.213493	0.115754	0.653639	2.432669	2.390435	1195.217521	-79.213493	0.000000	34.859350	-75.865188	0.115873	0.115873	0.115873	0.115873	0.115873	22.000000	34.859350	0.012151	695.792627	0.000000	0.000000	0.000000	0.000000	0.000000	0.000000	0.000000	0.000000	0.000000	0.000000	0.000000	0.000000	0.813587
13.472222	-3.850300	-1.190485	2039.814243	-5.751061	-80.009059	0.115275	0.670726	2.394362	2.401917	1200.958671	-80.009059	0.000000	35.237282	-76.660754	0.115397	0.115397	0.115397	0.115397	0.115397	22.000000	35.237282	0.012216	703.336141	0.000000	0.000000	0.000000	0.000000	0.000000	0.000000	0.000000	0.000000	0.000000	0.000000	0.000000	0.000000	0.810220
13.611111	-3.830300	-1.245547	2091.275301	-5.729756	-80.806770	0.114804	0.655180	2.427608	2.360248	1180.124012	-80.806770	0.000000	35.616076	-77.458465	0.114928	0.114928	0.114928	0.114928	0.114928	22.000000	35.616076	0.012281	710.896871	0.000000	0.000000	0.000000	0.000000	0.000000	0.000000	0.000000	0.000000	0.000000	0.000000	0.000000	0.000000	0.807004
13.750000	-3.860300	-1.195098	2023.776081	-5.717398	-81.602401	0.114340	0.670552	2.400356	2.381896	1190.947914	-81.602401	0.000000	35.993997	-78.254096	0.114466	0.114466	0.114466	0.114466	0.114466	22.000000	35.993997	0.012346	718.440187	0.000000	0.000000	0.000000	0.000000	0.000000	0.000000	0.000000	0.000000	0.000000	0.000000	0.000000	0.000000	0.803926
13.888889	-3.826508	-1.264283	2108.479396	-5.726542	-82.399004	0.113882	0.650246	2.438991	2.347914	1173.957030	-82.399004	0.000000	36.372165	-79.050699	0.114010	0.114010	0.114010	0.114010	0.114010	22.000000	36.372165	0.012410	725.988412	0.000000	0.000000	0.000000	0.000000	0.000000	0.000000	0.000000	0.000000	0.000000	0.000000	0.000000	0.000000	0.799376
14.027778	-3.871508	-1.239113	2076.525395	-5.794208	-83.189540	0.113433	0.660586	2.436199	2.378381	1189.190490	-83.189540	0.000000	36.747204	-79.841235	0.113563	0.113563	0.113563	0.113563	0.113563	22.000000	36.747204	0.012473	733.474200	0.000000	0.000000	0.000000	0.000000	0.000000	0.000000	0.000000	0.000000	0.000000	0.000000	0.000000	0.000000	0.795781
14.166667	-3.851508	-1.244964	2038.532181	-5.632335	-83.984730	0.112989	0.657472	2.432838	2.315129	1157.564659	-83.984730	0.000000	37.124854	-80.636425	0.113122	0.113122	0.113122	0.113122	0.113122	22.000000	37.124854	0.012537	741.012095	0.000000	0.000000	0.000000	0.000000	0.000000	0.000000	0.000000	0.000000	0.000000	0.000000	0.000000	0.000000	0.792252
14.305556	-3.881508	-1.264551	2091.290785	-5.801188	-84.776724	0.112553	0.655212	2.457638	2.360473	1180.236524	-84.776724	0.000000	37.500548	-81.428419	0.112688	0.112688	0.112688	0.112688	0.112688	22.000000	37.500548	0.012600	748.510937	0.000000	0.000000	0.000000	0.000000	0.000000	0.000000	0.000000	0.000000	0.000000	0.000000	0.000000	0.000000	0.788854
14.444444	-3.851508	-1.259587	2043.468429	-5.614299	-85.568457	0.112122	0.653926	2.442667	2.298429	1149.214727	-85.568457	0.000000	37.876394	-82.220152	0.112260	0.112260	0.112260	0.112260	0.112260	22.000000	37.876394	0.012663	756.012824	0.000000	0.000000	0.000000	0.000000	0.000000	0.000000	0.000000	0.000000	0.000000	0.000000	0.000000	0.000000	0.785596
14.583333	-3.891508	-1.253708	2036.066121	-5.692979	-86.358831	0.111698	0.658922	2.452299	2.321486	1160.743132	-86.358831	0.000000	38.251306	-83.010526	0.111838	0.111838	0.111838	0.111838	0.111838	22.000000	38.251306	0.012725	763.496071	0.000000	0.000000	0.000000	0.000000	0.000000	0.000000	0.000000	0.000000	0.000000	0.000000	0.000000	0.000000	0.781960
14.722222	-3.876521	-1.306196	2097.463676	-5.714633	-87.152048	0.111280	0.644547	2.484937	2.299709	1149.854416	-87.152048	0.000000	38.627706	-83.803743	0.111422	0.111422	0.111422	0.111422	0.111422	22.000000	38.627706	0.012787	771.009016	0.000000	0.000000	0.000000	0.000000	0.000000	0.000000	0.000000	0.000000	0.000000	0.000000	0.000000	0.000000	0.777655
14.861111	-3.906521	-1.265015	2039.708953	-5.711179	-87.941812	0.110867	0.657518	2.465156	2.316761	1158.380718	-87.941812	0.000000	39.002454	-84.593507	0.111012	0.111012	0.111012	0.111012	0.111012	22.000000	39.002454	0.012849	778.488982	0.000000	0.000000	0.000000	0.000000	0.000000	0.000000	0.000000	0.000000	0.000000	0.000000	0.000000	0.000000	0.774050
15.000000	-3.886521	-1.330051	2106.071659	-5.707156	-88.734054	0.110460	0.639600	2.505013	2.278293	1139.146671	-88.734054	0.000000	39.378304	-85.385749	0.110607	0.110607	0.110607	0.110607	0.110607	22.000000	39.378304	0.012911	785.990943	0.000000	0.000000	0.000000	0.000000	0.000000	0.000000	0.000000	0.000000	0.000000	0.000000	0.000000	0.000000	0.770458
15.138889	-3.916521	-1.265180	2018.853253	-5.673829	-89.522075	0.110058	0.658460	2.467993	2.298965	1149.482429	-89.522075	0.000000	39.752205	-86.173770	0.110208	0.110208	0.110208	0.110208	0.110208	22.000000	39.752205	0.012972	793.454019	0.000000	0.000000	0.000000	0.000000	0.000000	0.000000	0.000000	0.000000	0.000000	0.000000	0.000000	0.000000	0.767014
15.277778	-3.916521	-1.355555	2124.346719	-5.766802	-90.312329	0.109662	0.636078	2.533565	2.276161	1138.080395	-90.312329	0.000000	40.126843	-86.964024	0.109814	0.109814	0.109814	0.109814	0.109814	22.000000	40.126843	0.013032	800.931787	0.000000	0.000000	0.000000	0.000000	0.000000	0.000000	0.000000	0.000000	0.000000	0.000000	0.000000	0.000000	0.763697
15.416667	-3.896521	-1.311572	2033.688836	-5.572400	-91.101020	0.109272	0.645303	2.493944	2.234373	1117.186543	-91.101020	0.000000	40.501186	-87.752714	0.109426	0.109426	0.109426	0.109426	0.109426	22.000000	40.501186	0.013093	808.403680	0.000000	0.000000	0.000000	0.000000	0.000000	0.000000	0.000000	0.000000	0.000000	0.000000	0.000000	0.000000	0.759797
15.555556	-3.934907	-1.369086	2146.573255	-5.838186	-91.888703	0.108886	0.634508	2.549220	2.290185	1145.092584	-91.888703	0.000000	40.874425	-88.540398	0.109043	0.109043	0.109043	0.109043	0.109043	22.000000	40.874425	0.013153	815.853515	0.000000	0.000000	0.000000	0.000000	0.000000	0.000000	0.000000	0.000000	0.000000	0.000000	0.000000	0.000000	0.755603
15.694444	-3.924907	-1.288544	1994.282463	-5.573111	-92.675267	0.108506	0.653631	2.486548	2.241304	1120.652067	-92.675267	0.000000	41.247754	-89.326962	0.108665	0.108665	0.108665	0.108665	0.108665	22.000000	41.247754	0.013213	823.305167	0.000000	0.000000	0.000000	0.000000	0.000000	0.000000	0.000000	0.000000	0.000000	0.000000	0.000000	0.000000	0.751951
15.833333	-3.944907	-1.377815	2119.549825	-5.767543	-93.462610	0.108130	0.633375	2.558355	2.254396	1127.197807	-93.462610	0.000000	41.620757	-90.114305	0.108293	0.108293	0.108293	0.108293	0.108293	22.000000	41.620757	0.013272	830.750305	0.000000	0.000000	0.000000	0.000000	0.000000	0.000000	0.000000	0.000000	0.000000	0.000000	0.000000	0.000000	0.748327
15.972222	-3.929907	-1.306262	1991.917565	-5.539651	-94.248856	0.107760	0.649792	2.500545	2.215377	1107.688576	-94.248856	0.000000	41.993898	-90.900551	0.107925	0.107925	0.107925	0.107925	0.107925	22.000000	41.993898	0.013332	838.198195	0.000000	0.000000	0.000000	0.000000	0.000000	0.000000	0.000000	0.000000	0.000000	0.000000	0.000000	0.000000	0.744820
16.111111	-3.949907	-1.406472	2123.174076	-5.724165	-95.034339	0.107394	0.626879	2.579938	2.218722	1109.361150	-95.034339	0.000000	42.365871	-91.686034	0.107562	0.107562	0.107562	0.107562	0.107562	22.000000	42.365871	0.013391	845.622786	0.000000	0.000000	0.000000	0.000000	0.000000	0.000000	0.000000	0.000000	0.000000	0.000000	0.000000	0.000000	0.741453
16.250000	-3.943350	-1.315847	1991.841178	-5.547582	-95.818147	0.107033	0.648705	2.511645	2.208745	1104.372287	-95.818147	0.000000	42.737719	-92.469842	0.107203	0.107203	0.107203	0.107203	0.107203	22.000000	42.737719	0.013449	853.044877	0.000000	0.000000	0.000000	0.000000	0.000000	0.000000	0.000000	0.000000	0.000000	0.000000	0.000000	0.000000	0.737129
16.388889	-3.963350	-1.433142	2130.598061	-5.714309	-96.602115	0.106677	0.621669	2.603135	2.195164	1097.582143	-96.602115	0.000000	43.108836	-93.253810	0.106850	0.106850	0.106850	0.106850	0.106850	22.000000	43.108836	0.013508	860.452372	0.000000	0.000000	0.000000	0.000000	0.000000	0.000000	0.000000	0.000000	0.000000	0.000000	0.000000	0.000000	0.733090
16.527778	-3.968350	-1.337641	1989.493827	-5.547807	-97.384679	0.106325	0.645624	2.535873	2.187730	1093.865147	-97.384679	0.000000	43.480018	-94.036374	0.106501	0.106501	0.106501	0.106501	0.106501	22.000000	43.480018	0.013566	867.861152	0.000000	0.000000	0.000000	0.000000	0.000000	0.000000	0.000000	0.000000	0.000000	0.000000	0.000000	0.000000	0.729430
16.666667	-3.983350	-1.390955	2047.126744	-5.625380	-98.167571	0.105977	0.633942	2.579593	2.180724	1090.361817	-98.167571	0.000000	43.850795	-94.819266	0.106156	0.106156	0.106156	0.106156	0.106156	22.000000	43.850795	0.013623	875.261866	0.000000	0.000000	0.000000	0.000000	0.000000	0.000000	0.000000	0.000000	0.000000	0.000000	0.000000	0.000000	0.725825
16.805556	-3.963350	-1.420379	2082.695189	-5.614007	-98.950597	0.105634	0.624965	2.592924	2.165126	1082.563041	-98.950597	0.000000	44.221828	-95.602292	0.105816	0.105816	0.105816	0.105816	0.105816	22.000000	44.221828	0.013681	882.667682	0.000000	0.000000	0.000000	0.000000	0.000000	0.000000	0.000000	0.000000	0.000000	0.000000	0.000000	0.000000	0.722274
16.944444	-4.003350	-1.405452	2040.919789	-5.620227	-99.731402	0.105295	0.632300	2.596628	2.164433	1082.216546	-99.731402	0.000000	44.591674	-96.383096	0.105480	0.105480	0.105480	0.105480	0.105480	22.000000	44.591674	0.013738	890.049820	0.000000	0.000000	0.000000	0.000000	0.000000	0.000000	0.000000	0.000000	0.000000	0.000000	0.000000	0.000000	0.718860
17.083333	-3.985318	-1.423227	2038.594116	-5.536448	-100.513692	0.104959	0.626386	2.602346	2.127483	1063.741585	-100.513692	0.000000	44.962369	-97.165387	0.105148	0.105148	0.105148	0.105148	0.105148	22.000000	44.962369	0.013795	897.448881	0.000000	0.000000	0.000000	0.000000	0.000000	0.000000	0.000000	0.000000	0.000000	0.000000	0.000000	0.000000	0.715542
17.222222	-4.025318	-1.431618	2047.066874	-5.628045	-101.293464	0.104628	0.628023	2.622754	2.145854	1072.926763	-101.293464	0.000000	45.331568	-97.945159	0.104819	0.104819	0.104819	0.104819	0.104819	22.000000	45.331568	0.013852	904.818098	0.000000	0.000000	0.000000	0.000000	0.000000	0.000000	0.000000	0.000000	0.000000	0.000000	0.000000	0.000000	0.712335
17.361111	-4.005318	-1.458360	2077.841522	-5.609705	-102.075985	0.104300	0.619755	2.634038	2.129698	1064.848893	-102.075985	0.000000	45.702353	-98.727680	0.104495	0.104495	0.104495	0.104495	0.104495	22.000000	45.702353	0.013909	912.218971	0.000000	0.000000	0.000000	0.000000	0.000000	0.000000	0.000000	0.000000	0.000000	0.000000	0.000000	0.000000	0.709199
17.500000	-4.035318	-1.447511	2044.599782	-5.608492	-102.854075	0.103977	0.625181	2.637091	2.126772	1063.386007	-102.854075	0.000000	46.070751	-99.505770	0.104175	0.104175	0.104175	0.104175	0.104175	22.000000	46.070751	0.013965	919.572185	0.000000	0.000000	0.000000	0.000000	0.000000	0.000000	0.000000	0.000000	0.000000	0.000000	0.000000	0.000000	0.706093
17.638889	-3.995318	-1.454390	2041.037466	-5.497297	-103.633300	0.103657	0.619894	2.626815	2.092762	1046.380943	-103.633300	0.000000	46.439879	-100.284995	0.103858	0.103858	0.103858	0.103858	0.103858	22.000000	46.439879	0.014021	926.939978	0.000000	0.000000	0.000000	0.000000	0.000000	0.000000	0.000000	0.000000	0.000000	0.000000	0.000000	0.000000	0.702904
17.777778	-4.044440	-1.477491	2085.080733	-5.673434	-104.409979	0.103341	0.618873	2.661092	2.131994	1065.997185	-104.409979	0.000000	46.807326	-101.061673	0.103545	0.103545	0.103545	0.103545	0.103545	22.000000	46.807326	0.014076	934.274229	0.000000	0.000000	0.000000	0.000000	0.000000	0.000000	0.000000	0.000000	0.000000	0.000000	0.000000	0.000000	0.699811
17.916667	-4.024440	-1.473157	2032.469742	-5.496530	-105.188283	0.103028	0.618123	2.650252	2.073965	1036.982386	-105.188283	0.000000	47.175978	-101.839978	0.103236	0.103236	0.103236	0.103236	0.103236	22.000000	47.175978	0.014132	941.632513	0.000000	0.000000	0.000000	0.000000	0.000000	0.000000	0.000000	0.000000	0.000000	0.000000	0.000000	0.000000	0.696780
18.055556	-4.049440	-1.536522	2131.861543	-5.678624	-105.964092	0.102720	0.605207	2.703822	2.100221	1050.110699	-105.964092	0.000000	47.542875	-102.615787	0.102931	0.102931	0.102931	0.102931	0.102931	22.000000	47.542875	0.014187	948.955779	0.000000	0.000000	0.000000	0.000000	0.000000	0.000000	0.000000	0.000000	0.000000	0.000000	0.000000	0.000000	0.693836
18.194444	-4.049440	-1.443945	1990.659244	-5.497851	-106.739254	0.102414	0.627550	2.638071	2.084042	1042.021231	-106.739254	0.000000	47.910078	-103.390949	0.102629	0.102629	0.102629	0.102629	0.102629	22.000000	47.910078	0.014241	956.285157	0.000000	0.000000	0.000000	0.000000	0.000000	0.000000	0.000000	0.000000	0.000000	0.000000	0.000000	0.000000	0.690955
18.333333	-4.054440	-1.565423	2145.224097	-5.659869	-107.514460	0.102113	0.598818	2.725184	2.076876	1038.438062	-107.514460	0.000000	48.276510	-104.166155	0.102331	0.102331	0.102331	0.102331	0.102331	22.000000	48.276510	0.014296	963.599133	0.000000	0.000000	0.000000	0.000000	0.000000	0.000000	0.000000	0.000000	0.000000	0.000000	0.000000	0.000000	0.688143
18.472222	-4.067192	-1.467258	1991.903113	-5.489546	-108.287810	0.101814	0.623634	2.660614	2.063263	1031.631564	-108.287810	0.000000	48.642731	-104.939505	0.102037	0.102037	0.102037	0.102037	0.102037	22.000000	48.642731	0.014350	970.908917	0.000000	0.000000	0.000000	0.000000	0.000000	0.000000	0.000000	0.000000	0.000000	0.000000	0.000000	0.000000	0.685223
18.611111	-4.072192	-1.568908	2114.690996	-5.611292	-109.063620	0.101519	0.599774	2.733659	2.052667	1026.333524	-109.063620	0.000000	49.009566	-105.715315	0.101745	0.101745	0.101745	0.101745	0.101745	22.000000	49.009566	0.014405	978.230942	0.000000	0.000000	0.000000	0.000000	0.000000	0.000000	0.000000	0.000000	0.000000	0.000000	0.000000	0.000000	0.682316
18.750000	-4.092192	-1.508091	2039.708953	-5.587063	-109.835260	0.101226	0.616228	2.698219	2.070649	1035.324369	-109.835260	0.000000	49.374672	-106.486955	0.101456	0.101456	0.101456	0.101456	0.101456	22.000000	49.374672	0.014458	985.518455	0.000000	0.000000	0.000000	0.000000	0.000000	0.000000	0.000000	0.000000	0.000000	0.000000	0.000000	0.000000	0.679487
18.888889	-4.072192	-1.586416	2124.418977	-5.597680	-110.608454	0.100937	0.595662	2.745182	2.039093	1019.546395	-110.608454	0.000000	49.740266	-107.260149	0.101171	0.101171	0.101171	0.101171	0.101171	22.000000	49.740266	0.014512	992.815704	0.000000	0.000000	0.000000	0.000000	0.000000	0.000000	0.000000	0.000000	0.000000	0.000000	0.000000	0.000000	0.676714
19.027778	-4.097192	-1.499000	1994.337173	-5.492572	-111.378581	0.100651	0.618935	2.693026	2.039554	1019.776993	-111.378581	0.000000	50.104660	-108.030276	0.100890	0.100890	0.100890	0.100890	0.100890	22.000000	50.104660	0.014565	1000.089018	0.000000	0.000000	0.000000	0.000000	0.000000	0.000000	0.000000	0.000000	0.000000	0.000000	0.000000	0.000000	0.674009
19.166667	-4.082192	-1.593030	2104.796307	-5.553531	-112.149106	0.100369	0.595129	2.752931	2.017316	1008.657821	-112.149106	0.000000	50.468734	-108.800801	0.100611	0.100611	0.100611	0.100611	0.100611	22.000000	50.468734	0.014619	1007.355928	0.000000	0.000000	0.000000	0.000000	0.000000	0.000000	0.000000	0.000000	0.000000	0.000000	0.000000	0.000000	0.671361
19.305556	-4.110060	-1.515783	1989.510344	-5.471022	-112.918354	0.100089	0.616196	2.709079	2.019514	1009.756941	-112.918354	0.000000	50.832608	-109.570049	0.100336	0.100336	0.100336	0.100336	0.100336	22.000000	50.832608	0.014671	1014.618849	0.000000	0.000000	0.000000	0.000000	0.000000	0.000000	0.000000	0.000000	0.000000	0.000000	0.000000	0.000000	0.668744
19.444444	-4.110060	-1.625101	2125.633426	-5.599039	-113.688230	0.099812	0.590270	2.785030	2.010405	1005.202539	-113.688230	0.000000	51.196232	-110.339925	0.100063	0.100063	0.100063	0.100063	0.100063	22.000000	51.196232	0.014724	1021.876794	0.000000	0.000000	0.000000	0.000000	0.000000	0.000000	0.000000	0.000000	0.000000	0.000000	0.000000	0.000000	0.665993
19.583333	-4.125060	-1.538618	2000.419225	-5.484406	-114.455832	0.100259	0.612129	2.730954	2.008238	1004.119060	-114.455832	0.000000	51.559747	-111.107527	0.100517	0.100517	0.100517	0.100517	0.100517	22.000000	51.559747	0.014777	1029.132543	0.000000	0.000000	0.000000	0.000000	0.000000	0.000000	0.000000	0.000000	0.000000	0.000000	0.000000	0.000000	0.663302
19.722222	-4.125060	-1.642332	2123.190592	-5.587583	-115.225115	0.100598	0.587536	2.803419	1.993132	996.565856	-115.225115	0.000000	51.923479	-111.876810	0.100864	0.100864	0.100864	0.100864	0.100864	22.000000	51.923479	0.014829	1036.392644	0.000000	0.000000	0.000000	0.000000	0.000000	0.000000	0.000000	0.000000	0.000000	0.000000	0.000000	0.000000	0.660664
19.861111	-4.115060	-1.568674	1990.592148	-5.372945	-115.992654	0.100544	0.604038	2.748578	1.954809	977.404507	-115.992654	0.000000	52.286667	-112.644349	0.100815	0.100815	0.100815	0.100815	0.100815	22.000000	52.286667	0.014881	1043.641881	0.000000	0.000000	0.000000	0.000000	0.000000	0.000000	0.000000	0.000000	0.000000	0.000000	0.000000	0.000000	0.658085
20.000000	-4.155060	-1.605184	2042.195658	-5.519787	-116.757819	0.100185	0.599231	2.788667	1.979364	989.681831	-116.757819	0.000000	52.647841	-113.409514	0.100460	0.100460	0.100460	0.100460	0.100460	22.000000	52.647841	0.014933	1050.850907	0.000000	0.000000	0.000000	0.000000	0.000000	0.000000	0.000000	0.000000	0.000000	0.000000	0.000000	0.000000	0.655571
20.138889	-4.134087	-1.646861	2091.299043	-5.513625	-117.525528	0.101412	0.587233	2.810829	1.961565	980.782713	-117.525528	0.000000	53.011528	-114.177223	0.101698	0.101698	0.101698	0.101698	0.101698	22.000000	53.011528	0.014984	1058.110098	0.000000	0.000000	0.000000	0.000000	0.000000	0.000000	0.000000	0.000000	0.000000	0.000000	0.000000	0.000000	0.653089
20.277778	-4.174087	-1.609863	2039.778114	-5.544275	-118.290760	0.100195	0.599919	2.799099	1.980736	990.367832	-118.290760	0.000000	53.372473	-114.942455	0.100482	0.100482	0.100482	0.100482	0.100482	22.000000	53.372473	0.015036	1065.314566	0.000000	0.000000	0.000000	0.000000	0.000000	0.000000	0.000000	0.000000	0.000000	0.000000	0.000000	0.000000	0.650606
20.416667	-4.154087	-1.672257	2096.132066	-5.514378	-119.058110	0.100645	0.583311	2.835035	1.945083	972.541439	-119.058110	0.000000	53.735425	-115.709805	0.100941	0.100941	0.100941	0.100941	0.100941	22.000000	53.735425	0.015087	1072.559079	0.000000	0.000000	0.000000	0.000000	0.000000	0.000000	0.000000	0.000000	0.000000	0.000000	0.000000	0.000000	0.648016
20.555556	-4.184087	-1.644584	2048.292161	-5.513744	-119.822548	0.100784	0.592667	2.827560	1.950001	975.000328	-119.822548	0.000000	54.096763	-116.474243	0.101087	0.101087	0.101087	0.101087	0.101087	22.000000	54.096763	0.015138	1079.771388	0.000000	0.000000	0.000000	0.000000	0.000000	0.000000	0.000000	0.000000	0.000000	0.000000	0.000000	0.000000	0.645491
20.694444	-4.164087	-1.683771	2094.958391	-5.507928	-120.588859	0.100602	0.581594	2.846678	1.934862	967.430999	-120.588859	0.000000	54.458836	-117.240553	0.100912	0.100912	0.100912	0.100912	0.100912	22.000000	54.458836	0.015189	1086.998376	0.000000	0.000000	0.000000	0.000000	0.000000	0.000000	0.000000	0.000000	0.000000	0.000000	0.000000	0.000000	0.643011
20.833333	-4.194087	-1.640196	2031.123680	-5.498504	-121.351140	0.100125	0.594729	2.827608	1.944578	972.289086	-121.351140	0.000000	54.818689	-118.002835	0.100440	0.100440	0.100440	0.100440	0.100440	22.000000	54.818689	0.015239	1094.181041	0.000000	0.000000	0.000000	0.000000	0.000000	0.000000	0.000000	0.000000	0.000000	0.000000	0.000000	0.000000	0.640595
20.972222	-4.178489	-1.701108	2088.844338	-5.485356	-122.114375	0.101275	0.578859	2.864726	1.914793	957.396261	-122.114375	0.000000	55.179809	-118.766070	0.101603	0.101603	0.101603	0.101603	0.101603	22.000000	55.179809	0.015290	1101.388992	0.000000	0.000000	0.000000	0.000000	0.000000	0.000000	0.000000	0.000000	0.000000	0.000000	0.000000	0.000000	0.638216
21.111111	-4.208489	-1.677432	2043.464300	-5.482452	-122.874212	0.100057	0.587450	2.858663	1.917838	958.918872	-122.874212	0.000000	55.537845	-119.525907	0.100386	0.100386	0.100386	0.100386	0.100386	22.000000	55.537845	0.015340	1108.535387	0.000000	0.000000	0.000000	0.000000	0.000000	0.000000	0.000000	0.000000	0.000000	0.000000	0.000000	0.000000	0.635904
21.250000	-4.178489	-1.706610	2088.749371	-5.472925	-123.636131	0.100507	0.577677	2.867657	1.908501	954.250419	-123.636131	0.000000	55.897960	-120.287826	0.100847	0.100847	0.100847	0.100847	0.100847	22.000000	55.897960	0.015390	1115.723286	0.000000	0.000000	0.000000	0.000000	0.000000	0.000000	0.000000	0.000000	0.000000	0.000000	0.000000	0.000000	0.633545
21.388889	-4.222327	-1.699364	2050.712802	-5.484304	-124.395072	0.100691	0.583611	2.879646	1.904506	952.253142	-124.395072	0.000000	56.256249	-121.046767	0.101040	0.101040	0.101040	0.101040	0.101040	22.000000	56.256249	0.015439	1122.874738	0.000000	0.000000	0.000000	0.000000	0.000000	0.000000	0.000000	0.000000	0.000000	0.000000	0.000000	0.000000	0.631115
21.527778	-4.212327	-1.738049	2091.214398	-5.484700	-125.156674	0.100535	0.573697	2.902018	1.889961	944.980493	-125.156674	0.000000	56.615769	-121.808369	0.100891	0.100891	0.100891	0.100891	0.100891	22.000000	56.615769	0.015489	1130.050745	0.000000	0.000000	0.000000	0.000000	0.000000	0.000000	0.000000	0.000000	0.000000	0.000000	0.000000	0.000000	0.628723
21.666667	-4.242327	-1.739624	2091.227818	-5.547746	-125.915892	0.100085	0.576339	2.914110	1.903753	951.876524	-125.915892	0.000000	56.973837	-122.567587	0.100448	0.100448	0.100448	0.100448	0.100448	22.000000	56.973837	0.015538	1137.197790	0.000000	0.000000	0.000000	0.000000	0.000000	0.000000	0.000000	0.000000	0.000000	0.000000	0.000000	0.000000	0.626388
21.805556	-4.222327	-1.744379	2079.053390	-5.460894	-126.677126	0.101407	0.573104	2.911074	1.875903	937.951694	-126.677126	0.000000	57.334137	-123.328821	0.101786	0.101786	0.101786	0.101786	0.101786	22.000000	57.334137	0.015588	1144.389367	0.000000	0.000000	0.000000	0.000000	0.000000	0.000000	0.000000	0.000000	0.000000	0.000000	0.000000	0.000000	0.624083
21.944444	-4.252327	-1.736682	2041.041595	-5.442609	-127.433481	0.100219	0.577971	2.916077	1.866415	933.207338	-127.433481	0.000000	57.690260	-124.085176	0.100600	0.100600	0.100600	0.100600	0.100600	22.000000	57.690260	0.015636	1151.497583	0.000000	0.000000	0.000000	0.000000	0.000000	0.000000	0.000000	0.000000	0.000000	0.000000	0.000000	0.000000	0.620461
22.083333	-4.242327	-1.776751	2077.784748	-5.430311	-128.191546	0.100931	0.567679	2.940156	1.846946	923.473240	-128.191546	0.000000	58.048334	-124.843241	0.101326	0.101326	0.101326	0.101326	0.101326	22.000000	58.048334	0.015685	1158.644752	0.000000	0.000000	0.000000	0.000000	0.000000	0.000000	0.000000	0.000000	0.000000	0.000000	0.000000	0.000000	0.617559
22.222222	-4.276668	-1.763450	2040.993079	-5.437229	-128.945554	0.101326	0.574057	2.944776	1.846398	923.199108	-128.945554	0.000000	58.404081	-125.597249	0.101734	0.101734	0.101734	0.101734	0.101734	22.000000	58.404081	0.015734	1165.745457	0.000000	0.000000	0.000000	0.000000	0.000000	0.000000	0.000000	0.000000	0.000000	0.000000	0.000000	0.000000	0.614704
22.361111	-4.256668	-1.782100	2039.850372	-5.350613	-129.701572	0.101366	0.567817	2.949751	1.813920	906.960003	-129.701572	0.000000	58.760771	-126.353267	0.101785	0.101785	0.101785	0.101785	0.101785	22.000000	58.760771	0.015782	1172.864985	0.000000	0.000000	0.000000	0.000000	0.000000	0.000000	0.000000	0.000000	0.000000	0.000000	0.000000	0.000000	0.611742
22.500000	-4.286668	-1.834670	2130.470062	-5.537344	-130.454753	0.100951	0.558845	2.996239	1.848098	924.049124	-130.454753	0.000000	59.115397	-127.106448	0.101376	0.101376	0.101376	0.101376	0.101376	22.000000	59.115397	0.015830	1179.943330	0.000000	0.000000	0.000000	0.000000	0.000000	0.000000	0.000000	0.000000	0.000000	0.000000	0.000000	0.000000	0.608803
22.638889	-4.256668	-1.759656	1985.790093	-5.256055	-131.206133	0.100327	0.573104	2.933467	1.791755	895.877708	-131.206133	0.000000	59.469566	-127.857827	0.100758	0.100758	0.100758	0.100758	0.100758	22.000000	59.469566	0.015878	1187.012538	0.000000	0.000000	0.000000	0.000000	0.000000	0.000000	0.000000	0.000000	0.000000	0.000000	0.000000	0.000000	0.605853
22.777778	-4.296668	-1.855063	2128.060776	-5.507636	-131.955968	0.099448	0.555400	3.012165	1.828464	914.232066	-131.955968	0.000000	59.821972	-128.607663	0.099883	0.099883	0.099883	0.099883	0.099883	22.000000	59.821972	0.015926	1194.046565	0.000000	0.000000	0.000000	0.000000	0.000000	0.000000	0.000000	0.000000	0.000000	0.000000	0.000000	0.000000	0.602879
22.916667	-4.282185	-1.825165	2037.300700	-5.306030	-132.703308	0.100377	0.560635	2.987527	1.776061	888.030288	-132.703308	0.000000	60.174571	-129.355003	0.100830	0.100830	0.100830	0.100830	0.100830	22.000000	60.174571	0.015973	1201.084440	0.000000	0.000000	0.000000	0.000000	0.000000	0.000000	0.000000	0.000000	0.000000	0.000000	0.000000	0.000000	0.598517
23.055556	-4.322185	-1.901339	2123.106980	-5.448099	-133.448676	0.101097	0.547296	3.054628	1.783556	891.777926	-133.448676	0.000000	60.525454	-130.100371	0.101568	0.101568	0.101568	0.101568	0.101568	22.000000	60.525454	0.016020	1208.088067	0.000000	0.000000	0.000000	0.000000	0.000000	0.000000	0.000000	0.000000	0.000000	0.000000	0.000000	0.000000	0.594716
23.194444	-4.297185	-1.863389	2040.993079	-5.265404	-134.192625	0.102190	0.553214	3.020813	1.743042	871.520849	-134.192625	0.000000	60.874789	-130.844319	0.102029	0.102029	0.102029	0.102029	0.102029	22.000000	60.874789	0.016067	1215.060792	0.000000	0.000000	0.000000	0.000000	0.000000	0.000000	0.000000	0.000000	0.000000	0.000000	0.000000	0.000000	0.590865
23.333333	-4.347185	-1.880317	2050.749963	-5.362465	-134.933746	0.102233	0.554425	3.051584	1.757273	878.636441	-134.933746	0.000000	61.223166	-131.585441	0.102066	0.102066	0.102066	0.102066	0.102066	22.000000	61.223166	0.016114	1222.014384	0.000000	0.000000	0.000000	0.000000	0.000000	0.000000	0.000000	0.000000	0.000000	0.000000	0.000000	0.000000	0.586753
23.472222	-4.307185	-1.861132	1989.488666	-5.158379	-135.673126	0.101284	0.554853	3.022239	1.706807	853.403387	-135.673126	0.000000	61.572033	-132.324821	0.101789	0.101789	0.101789	0.101789	0.101789	22.000000	61.572033	0.016160	1228.977770	0.000000	0.000000	0.000000	0.000000	0.000000	0.000000	0.000000	0.000000	0.000000	0.000000	0.000000	0.000000	0.582501
23.611111	-4.357185	-1.908595	2038.490891	-5.290914	-136.407092	0.100655	0.549277	3.072633	1.721948	860.974055	-136.407092	0.000000	61.916101	-133.058787	0.101166	0.101166	0.101166	0.101166	0.101166	22.000000	61.916101	0.016206	1235.845385	0.000000	0.000000	0.000000	0.000000	0.000000	0.000000	0.000000	0.000000	0.000000	0.000000	0.000000	0.000000	0.578221
23.750000	-4.344753	-1.974584	2101.121991	-5.278815	-137.141944	0.099696	0.533287	3.110288	1.697211	848.605594	-137.141944	0.000000	62.260628	-133.793639	0.100209	0.100209	0.100209	0.100209	0.100209	22.000000	62.260628	0.016252	1242.722138	0.000000	0.000000	0.000000	0.000000	0.000000	0.000000	0.000000	0.000000	0.000000	0.000000	0.000000	0.000000	0.573969
23.888889	-4.394753	-1.958365	2042.172948	-5.274057	-137.872836	0.100724	0.541964	3.120341	1.690218	845.108978	-137.872836	0.000000	62.604058	-134.524531	0.101258	0.101258	0.101258	0.101258	0.101258	22.000000	62.604058	0.016298	1249.577000	0.000000	0.000000	0.000000	0.000000	0.000000	0.000000	0.000000	0.000000	0.000000	0.000000	0.000000	0.000000	0.568615
24.027778	-4.354753	-1.999560	2093.768200	-5.227101	-138.601713	0.102460	0.528400	3.133468	1.668152	834.075902	-138.601713	0.000000	62.945224	-135.253408	0.102268	0.102268	0.102268	0.102268	0.102268	22.000000	62.945224	0.016343	1256.386662	0.000000	0.000000	0.000000	0.000000	0.000000	0.000000	0.000000	0.000000	0.000000	0.000000	0.000000	0.000000	0.564311
24.166667	-4.404753	-1.992108	2043.383784	-5.225758	-139.325276	0.099667	0.535617	3.145371	1.661412	830.705960	-139.325276	0.000000	63.284382	-135.976971	0.100212	0.100212	0.100212	0.100212	0.100212	22.000000	63.284382	0.016388	1263.156273	0.000000	0.000000	0.000000	0.000000	0.000000	0.000000	0.000000	0.000000	0.000000	0.000000	0.000000	0.000000	0.560241
24.305556	-4.394753	-2.043623	2091.260850	-5.211837	-140.050818	0.099893	0.523096	3.175317	1.641360	820.679824	-140.050818	0.000000	63.624493	-136.702513	0.100451	0.100451	0.100451	0.100451	0.100451	22.000000	63.624493	0.016433	1269.944876	0.000000	0.000000	0.000000	0.000000	0.000000	0.000000	0.000000	0.000000	0.000000	0.000000	0.000000	0.000000	0.556034
24.444444	-4.438529	-2.030440	2039.753340	-5.206623	-140.771972	0.099747	0.530618	3.183881	1.635307	817.653378	-140.771972	0.000000	63.962077	-137.423667	0.100314	0.100314	0.100314	0.100314	0.100314	22.000000	63.962077	0.016478	1276.683057	0.000000	0.000000	0.000000	0.000000	0.000000	0.000000	0.000000	0.000000	0.000000	0.000000	0.000000	0.000000	0.551787
24.583333	-4.418528	-2.081986	2090.060336	-5.176525	-141.491600	0.099351	0.517177	3.209074	1.613090	806.544811	-141.491600	0.000000	64.298710	-138.143295	0.099924	0.099924	0.099924	0.099924	0.099924	22.000000	64.298710	0.016522	1283.402260	0.000000	0.000000	0.000000	0.000000	0.000000	0.000000	0.000000	0.000000	0.000000	0.000000	0.000000	0.000000	0.547481
24.722222	-4.448529	-2.090857	2083.858542	-5.207838	-142.206783	0.101200	0.518200	3.228683	1.612991	806.495698	-142.206783	0.000000	64.633966	-138.858478	0.101804	0.101804	0.101804	0.101804	0.101804	22.000000	64.633966	0.016566	1290.093957	0.000000	0.000000	0.000000	0.000000	0.000000	0.000000	0.000000	0.000000	0.000000	0.000000	0.000000	0.000000	0.543075
24.861111	-4.428528	-2.114583	2082.742673	-5.108513	-142.920399	0.100113	0.510958	3.234899	1.579188	789.593796	-142.920399	0.000000	64.967088	-139.572094	0.100715	0.100715	0.100715	0.100715	0.100715	22.000000	64.967088	0.016610	1296.743074	0.000000	0.000000	0.000000	0.000000	0.000000	0.000000	0.000000	0.000000	0.000000	0.000000	0.000000	0.000000	0.537842
25.000000	-4.473528	-2.171723	2137.900240	-5.216292	-143.629971	0.102340	0.503031	3.291923	1.584573	792.286497	-143.629971	0.000000	65.297630	-140.281666	0.102126	0.102126	0.102126	0.102126	0.102126	22.000000	65.297630	0.016653	1303.340687	0.000000	0.000000	0.000000	0.000000	0.000000	0.000000	0.000000	0.000000	0.000000	0.000000	0.000000	0.000000	0.533626
25.138889	-4.458528	-2.160049	2088.930016	-5.089444	-144.337215	0.099652	0.504254	3.275629	1.553730	776.865071	-144.337215	0.000000	65.628315	-140.988910	0.100268	0.100268	0.100268	0.100268	0.100268	22.000000	65.628315	0.016697	1309.941175	0.000000	0.000000	0.000000	0.000000	0.000000	0.000000	0.000000	0.000000	0.000000	0.000000	0.000000	0.000000	0.529516
25.277778	-4.493125	-2.213891	2123.212270	-5.129656	-145.041273	0.100312	0.496194	3.324616	1.542932	771.465994	-145.041273	0.000000	65.956834	-141.692968	0.100945	0.100945	0.100945	0.100945	0.100945	22.000000	65.956834	0.016740	1316.498408	0.000000	0.000000	0.000000	0.000000	0.000000	0.000000	0.000000	0.000000	0.000000	0.000000	0.000000	0.000000	0.525268
25.416667	-4.473125	-2.168995	2028.744330	-4.954960	-145.742490	0.100650	0.503770	3.288254	1.506867	753.433295	-145.742490	0.000000	66.284103	-142.394185	0.101297	0.101297	0.101297	0.101297	0.101297	22.000000	66.284103	0.016782	1323.030696	0.000000	0.000000	0.000000	0.000000	0.000000	0.000000	0.000000	0.000000	0.000000	0.000000	0.000000	0.000000	0.520970
25.555556	-4.503125	-2.240831	2134.302828	-5.118125	-146.438979	0.100509	0.491415	3.345982	1.529633	764.816491	-146.438979	0.000000	66.608090	-143.090674	0.101163	0.101163	0.101163	0.101163	0.101163	22.000000	66.608090	0.016824	1329.497477	0.000000	0.000000	0.000000	0.000000	0.000000	0.000000	0.000000	0.000000	0.000000	0.000000	0.000000	0.000000	0.516672
25.694444	-4.503125	-2.238442	2081.446160	-4.996644	-147.134153	0.099986	0.491990	3.343923	1.494246	747.123115	-147.134153	0.000000	66.931526	-143.785848	0.100643	0.100643	0.100643	0.100643	0.100643	22.000000	66.931526	0.016867	1335.953264	0.000000	0.000000	0.000000	0.000000	0.000000	0.000000	0.000000	0.000000	0.000000	0.000000	0.000000	0.000000	0.512249
25.833333	-4.553125	-2.273676	2087.591180	-5.044071	-147.826421	0.099402	0.489938	3.385876	1.489739	744.869298	-147.826421	0.000000	67.253087	-144.478115	0.100060	0.100060	0.100060	0.100060	0.100060	22.000000	67.253087	0.016908	1342.371609	0.000000	0.000000	0.000000	0.000000	0.000000	0.000000	0.000000	0.000000	0.000000	0.000000	0.000000	0.000000	0.507133
25.972222	-4.532666	-2.293127	2086.377247	-4.952874	-148.517190	0.102446	0.483168	3.393046	1.459713	729.856733	-148.517190	0.000000	67.574010	-145.168885	0.102223	0.102223	0.102223	0.102223	0.102223	22.000000	67.574010	0.016950	1348.777237	0.000000	0.000000	0.000000	0.000000	0.000000	0.000000	0.000000	0.000000	0.000000	0.000000	0.000000	0.000000	0.503017
26.111111	-4.592666	-2.300570	2038.512568	-4.952815	-149.202599	0.100139	0.488428	3.419679	1.448328	724.163752	-149.202599	0.000000	67.892840	-145.854293	0.100824	0.100824	0.100824	0.100824	0.100824	22.000000	67.892840	0.016991	1355.141078	0.000000	0.000000	0.000000	0.000000	0.000000	0.000000	0.000000	0.000000	0.000000	0.000000	0.000000	0.000000	0.498769
26.250000	-4.582666	-2.355848	2090.088207	-4.933500	-149.888130	0.102473	0.475294	3.452876	1.428809	714.404451	-149.888130	0.000000	68.210461	-146.539825	0.102251	0.102251	0.102251	0.102251	0.102251	22.000000	68.210461	0.017032	1361.480809	0.000000	0.000000	0.000000	0.000000	0.000000	0.000000	0.000000	0.000000	0.000000	0.000000	0.000000	0.000000	0.494758
26.388889	-4.612666	-2.330166	2037.270764	-4.929074	-150.569707	0.099405	0.484394	3.445736	1.430485	715.242503	-150.569707	0.000000	68.527074	-147.221402	0.100097	0.100097	0.100097	0.100097	0.100097	22.000000	68.527074	0.017073	1367.800394	0.000000	0.000000	0.000000	0.000000	0.000000	0.000000	0.000000	0.000000	0.000000	0.000000	0.000000	0.000000	0.490312
26.527778	-4.622666	-2.427675	2113.424418	-4.917284	-151.250310	0.100095	0.464769	3.511670	1.400269	700.134709	-151.250310	0.000000	68.842839	-147.902005	0.100804	0.100804	0.100804	0.100804	0.100804	22.000000	68.842839	0.017114	1374.103073	0.000000	0.000000	0.000000	0.000000	0.000000	0.000000	0.000000	0.000000	0.000000	0.000000	0.000000	0.000000	0.485772
26.666667	-4.647666	-2.353955	1987.025703	-4.831122	-151.926238	0.100497	0.483073	3.476088	1.389816	694.907945	-151.926238	0.000000	69.156329	-148.577933	0.101220	0.101220	0.101220	0.101220	0.101220	22.000000	69.156329	0.017154	1380.360329	0.000000	0.000000	0.000000	0.000000	0.000000	0.000000	0.000000	0.000000	0.000000	0.000000	0.000000	0.000000	0.480656
26.805556	-4.652745	-2.496867	2131.793414	-4.871639	-152.600775	0.100470	0.453562	3.567359	1.365615	682.807514	-152.600775	0.000000	69.468366	-149.252470	0.101199	0.101199	0.101199	0.101199	0.101199	22.000000	69.468366	0.017194	1386.588588	0.000000	0.000000	0.000000	0.000000	0.000000	0.000000	0.000000	0.000000	0.000000	0.000000	0.000000	0.000000	0.475908
26.944444	-4.637745	-2.414187	1991.876274	-4.694796	-153.269970	0.100104	0.469318	3.509445	1.337760	668.880006	-153.269970	0.000000	69.778042	-149.921665	0.100836	0.100836	0.100836	0.100836	0.100836	22.000000	69.778042	0.017234	1392.769715	0.000000	0.000000	0.000000	0.000000	0.000000	0.000000	0.000000	0.000000	0.000000	0.000000	0.000000	0.000000	0.471896
27.083333	-4.702745	-2.545336	2124.367364	-4.858118	-153.937361	0.099204	0.449278	3.616629	1.343272	671.636090	-153.937361	0.000000	70.085727	-150.589056	0.099931	0.099931	0.099931	0.099931	0.099931	22.000000	70.085727	0.017273	1398.911107	0.000000	0.000000	0.000000	0.000000	0.000000	0.000000	0.000000	0.000000	0.000000	0.000000	0.000000	0.000000	0.467871
27.222222	-4.697745	-2.536494	2086.344214	-4.779661	-154.602877	0.101254	0.450355	3.611222	1.323558	661.778831	-154.602877	0.000000	70.394150	-151.254572	0.102016	0.102016	0.102016	0.102016	0.102016	22.000000	70.394150	0.017312	1405.067239	0.000000	0.000000	0.000000	0.000000	0.000000	0.000000	0.000000	0.000000	0.000000	0.000000	0.000000	0.000000	0.463170
27.361111	-4.737745	-2.584919	2118.277054	-4.833899	-155.264181	0.099930	0.445013	3.656233	1.322098	661.049048	-155.264181	0.000000	70.698649	-151.915876	0.100680	0.100680	0.100680	0.100680	0.100680	22.000000	70.698649	0.017351	1411.145037	0.000000	0.000000	0.000000	0.000000	0.000000	0.000000	0.000000	0.000000	0.000000	0.000000	0.000000	0.000000	0.458932
27.500000	-4.736690	-2.597499	2087.566405	-4.733646	-155.924671	0.102867	0.442022	3.666540	1.291039	645.519476	-155.924671	0.000000	71.002910	-152.576366	0.102661	0.102661	0.102661	0.102661	0.102661	22.000000	71.002910	0.017390	1417.218088	0.000000	0.000000	0.000000	0.000000	0.000000	0.000000	0.000000	0.000000	0.000000	0.000000	0.000000	0.000000	0.454682
27.638889	-4.806690	-2.619474	2041.008563	-4.731974	-156.581471	0.099836	0.445777	3.705965	1.276854	638.426776	-156.581471	0.000000	71.305981	-153.233166	0.100598	0.100598	0.100598	0.100598	0.100598	22.000000	71.305981	0.017428	1423.267382	0.000000	0.000000	0.000000	0.000000	0.000000	0.000000	0.000000	0.000000	0.000000	0.000000	0.000000	0.000000	0.448922
27.777778	-4.806690	-2.683676	2084.005122	-4.689835	-157.238166	0.100969	0.432592	3.746429	1.251815	625.907313	-157.238166	0.000000	71.609041	-153.889861	0.101753	0.101753	0.101753	0.101753	0.101753	22.000000	71.609041	0.017467	1429.316458	0.000000	0.000000	0.000000	0.000000	0.000000	0.000000	0.000000	0.000000	0.000000	0.000000	0.000000	0.000000	0.444235
27.916667	-4.851690	-2.639860	1994.289689	-4.675692	-157.889350	0.102701	0.446438	3.740103	1.250151	625.075337	-157.889350	0.000000	71.907749	-154.541045	0.102506	0.102506	0.102506	0.102506	0.102506	22.000000	71.907749	0.017505	1435.278669	0.000000	0.000000	0.000000	0.000000	0.000000	0.000000	0.000000	0.000000	0.000000	0.000000	0.000000	0.000000	0.440691
28.055556	-4.846690	-2.764802	2119.566341	-4.677462	-158.539548	0.103078	0.420603	3.814605	1.226198	613.099095	-158.539548	0.000000	72.206849	-155.191243	0.102888	0.102888	0.102888	0.102888	0.102888	22.000000	72.206849	0.017542	1441.248713	0.000000	0.000000	0.000000	0.000000	0.000000	0.000000	0.000000	0.000000	0.000000	0.000000	0.000000	0.000000	0.436250
28.194444	-4.881690	-2.709261	1977.240949	-4.553141	-159.185807	0.102895	0.435830	3.795307	1.199677	599.838320	-159.185807	0.000000	72.503919	-155.837501	0.102710	0.102710	0.102710	0.102710	0.102710	22.000000	72.503919	0.017580	1447.178229	0.000000	0.000000	0.000000	0.000000	0.000000	0.000000	0.000000	0.000000	0.000000	0.000000	0.000000	0.000000	0.431767
28.333333	-4.936711	-2.817846	2081.477127	-4.674990	-159.831688	0.101369	0.420570	3.882765	1.204036	602.018172	-159.831688	0.000000	72.801506	-156.483383	0.102179	0.102179	0.102179	0.102179	0.102179	22.000000	72.801506	0.017617	1453.118061	0.000000	0.000000	0.000000	0.000000	0.000000	0.000000	0.000000	0.000000	0.000000	0.000000	0.000000	0.000000	0.426328
28.472222	-4.956710	-2.860714	2081.497772	-4.624581	-160.475118	0.100652	0.414445	3.916326	1.180847	590.423328	-160.475118	0.000000	73.096675	-157.126813	0.101457	0.101457	0.101457	0.101457	0.101457	22.000000	73.096675	0.017654	1459.009634	0.000000	0.000000	0.000000	0.000000	0.000000	0.000000	0.000000	0.000000	0.000000	0.000000	0.000000	0.000000	0.420918
28.611111	-5.006710	-2.860891	2029.877747	-4.617095	-161.113966	0.099606	0.420228	3.936409	1.172921	586.460343	-161.113966	0.000000	73.389223	-157.765661	0.100402	0.100402	0.100402	0.100402	0.100402	22.000000	73.389223	0.017691	1464.848889	0.000000	0.000000	0.000000	0.000000	0.000000	0.000000	0.000000	0.000000	0.000000	0.000000	0.000000	0.000000	0.416478
28.750000	-5.036710	-2.982878	2115.874994	-4.606391	-161.752992	0.103020	0.399599	4.025876	1.144196	572.097995	-161.752992	0.000000	73.681569	-158.404687	0.102858	0.102858	0.102858	0.102858	0.102858	22.000000	73.681569	0.017728	1470.684110	0.000000	0.000000	0.000000	0.000000	0.000000	0.000000	0.000000	0.000000	0.000000	0.000000	0.000000	0.000000	0.412470
28.888889	-5.061711	-2.962851	2029.936585	-4.516185	-162.389588	0.099989	0.406622	4.021395	1.123039	561.519705	-162.389588	0.000000	73.974042	-159.041283	0.100798	0.100798	0.100798	0.100798	0.100798	22.000000	73.974042	0.017764	1476.521874	0.000000	0.000000	0.000000	0.000000	0.000000	0.000000	0.000000	0.000000	0.000000	0.000000	0.000000	0.000000	0.407515
29.027778	-5.149675	-3.039407	2069.181926	-4.628520	-163.024991	0.102772	0.401769	4.107357	1.126885	563.442520	-163.024991	0.000000	74.264077	-159.676686	0.102624	0.102624	0.102624	0.102624	0.102624	22.000000	74.264077	0.017800	1482.310983	0.000000	0.000000	0.000000	0.000000	0.000000	0.000000	0.000000	0.000000	0.000000	0.000000	0.000000	0.000000	0.403193
29.166667	-5.174675	-3.132054	2110.971778	-4.570629	-163.660283	0.099047	0.387321	4.169351	1.096245	548.122400	-163.660283	0.000000	74.555367	-160.311978	0.099850	0.099850	0.099850	0.099850	0.099850	22.000000	74.555367	0.017837	1488.125132	0.000000	0.000000	0.000000	0.000000	0.000000	0.000000	0.000000	0.000000	0.000000	0.000000	0.000000	0.000000	0.397883
29.305556	-5.229675	-3.167246	2080.243581	-4.547776	-164.293684	0.099791	0.386986	4.214478	1.079084	539.542006	-164.293684	0.000000	74.845503	-160.945379	0.100607	0.100607	0.100607	0.100607	0.100607	22.000000	74.845503	0.017873	1493.916238	0.000000	0.000000	0.000000	0.000000	0.000000	0.000000	0.000000	0.000000	0.000000	0.000000	0.000000	0.000000	0.391766
29.444444	-5.309675	-3.158777	1984.488934	-4.524538	-164.923833	0.099836	0.397614	4.243599	1.066203	533.101560	-164.923833	0.000000	75.133654	-161.575528	0.100654	0.100654	0.100654	0.100654	0.100654	22.000000	75.133654	0.017908	1499.667733	0.000000	0.000000	0.000000	0.000000	0.000000	0.000000	0.000000	0.000000	0.000000	0.000000	0.000000	0.000000	0.386918
29.583333	-5.389147	-3.260763	2029.841618	-4.579500	-165.555393	0.099690	0.387766	4.337969	1.055678	527.839235	-165.555393	0.000000	75.422275	-162.207088	0.100509	0.100509	0.100509	0.100509	0.100509	22.000000	75.422275	0.017944	1505.428602	0.000000	0.000000	0.000000	0.000000	0.000000	0.000000	0.000000	0.000000	0.000000	0.000000	0.000000	0.000000	0.382224
29.722222	-5.439147	-3.357463	2075.272237	-4.579265	-166.185157	0.099525	0.375845	4.416363	1.036886	518.442982	-166.185157	0.000000	75.710019	-162.836852	0.100344	0.100344	0.100344	0.100344	0.100344	22.000000	75.710019	0.017980	1511.171979	0.000000	0.000000	0.000000	0.000000	0.000000	0.000000	0.000000	0.000000	0.000000	0.000000	0.000000	0.000000	0.377320
29.861111	-5.489147	-3.468263	2125.640136	-4.553411	-166.813565	0.099359	0.361614	4.502734	1.011255	505.627413	-166.813565	0.000000	75.997005	-163.465260	0.100177	0.100177	0.100177	0.100177	0.100177	22.000000	75.997005	0.018015	1516.900216	0.000000	0.000000	0.000000	0.000000	0.000000	0.000000	0.000000	0.000000	0.000000	0.000000	0.000000	0.000000	0.372044
30.000000	-5.559147	-3.540714	2119.576148	-4.534915	-167.440840	0.099195	0.356718	4.575159	0.991204	495.601944	-167.440840	0.000000	76.283400	-164.092535	0.100012	0.100012	0.100012	0.100012	0.100012	22.000000	76.283400	0.018050	1522.616660	0.000000	0.000000	0.000000	0.000000	0.000000	0.000000	0.000000	0.000000	0.000000	0.000000	0.000000	0.000000	0.366601
30.138889	-5.609147	-3.588877	2094.948068	-4.486303	-168.066009	0.103436	0.353653	4.629207	0.969130	484.565004	-168.066009	0.000000	76.568474	-164.717704	0.103364	0.103364	0.103364	0.103364	0.103364	22.000000	76.568474	0.018085	1528.306739	0.000000	0.000000	0.000000	0.000000	0.000000	0.000000	0.000000	0.000000	0.000000	0.000000	0.000000	0.000000	0.360636
30.277778	-5.719148	-3.694219	2095.006907	-4.496774	-168.690199	0.101009	0.347916	4.735760	0.949536	474.767954	-168.690199	0.000000	76.853945	-165.341894	0.101851	0.101851	0.101851	0.101851	0.101851	22.000000	76.853945	0.018120	1534.004733	0.000000	0.000000	0.000000	0.000000	0.000000	0.000000	0.000000	0.000000	0.000000	0.000000	0.000000	0.000000	0.354599
30.416667	-5.815630	-3.796867	2113.427515	-4.522500	-169.315703	0.098874	0.341324	4.835085	0.935351	467.675352	-169.315703	0.000000	77.138603	-165.967398	0.099689	0.099689	0.099689	0.099689	0.099689	22.000000	77.138603	0.018155	1539.686517	0.000000	0.000000	0.000000	0.000000	0.000000	0.000000	0.000000	0.000000	0.000000	0.000000	0.000000	0.000000	0.350501
30.555556	-5.910630	-3.838482	2081.430676	-4.571814	-169.940256	0.100972	0.344691	4.902762	0.932498	466.248832	-169.940256	0.000000	77.424170	-166.591951	0.101812	0.101812	0.101812	0.101812	0.101812	22.000000	77.424170	0.018190	1545.386426	0.000000	0.000000	0.000000	0.000000	0.000000	0.000000	0.000000	0.000000	0.000000	0.000000	0.000000	0.000000	0.344202
30.694444	-5.960630	-3.915302	2069.188120	-4.486099	-170.563206	0.103700	0.337272	4.971744	0.902319	451.159507	-170.563206	0.000000	77.707493	-167.214901	0.103678	0.103678	0.103678	0.103678	0.103678	22.000000	77.707493	0.018224	1551.041550	0.000000	0.000000	0.000000	0.000000	0.000000	0.000000	0.000000	0.000000	0.000000	0.000000	0.000000	0.000000	0.339635
30.833333	-6.040630	-4.015335	2067.988638	-4.439584	-171.183196	0.099264	0.329858	5.059871	0.877411	438.705307	-171.183196	0.000000	77.990201	-167.834891	0.100080	0.100080	0.100080	0.100080	0.100080	22.000000	77.990201	0.018259	1556.684418	0.000000	0.000000	0.000000	0.000000	0.000000	0.000000	0.000000	0.000000	0.000000	0.000000	0.000000	0.000000	0.332643
30.972222	-6.150630	-4.120219	2065.522579	-4.445491	-171.802093	0.100183	0.324823	5.169319	0.859976	429.988017	-171.802093	0.000000	78.272169	-168.453788	0.101009	0.101009	0.101009	0.101009	0.101009	22.000000	78.272169	0.018293	1562.312494	0.000000	0.000000	0.000000	0.000000	0.000000	0.000000	0.000000	0.000000	0.000000	0.000000	0.000000	0.000000	0.327137
31.111111	-6.265630	-4.231410	2065.517417	-4.453821	-172.421855	0.100602	0.319533	5.284022	0.842885	421.442307	-172.421855	0.000000	78.554429	-169.073550	0.101430	0.101430	0.101430	0.101430	0.101430	22.000000	78.554429	0.018327	1567.946400	0.000000	0.000000	0.000000	0.000000	0.000000	0.000000	0.000000	0.000000	0.000000	0.000000	0.000000	0.000000	0.321711
31.250000	-6.374343	-4.348168	2066.849028	-4.439066	-173.040425	0.100587	0.312926	5.398620	0.822260	411.129758	-173.040425	0.000000	78.835911	-169.692120	0.101412	0.101412	0.101412	0.101412	0.101412	22.000000	78.835911	0.018361	1573.564775	0.000000	0.000000	0.000000	0.000000	0.000000	0.000000	0.000000	0.000000	0.000000	0.000000	0.000000	0.000000	0.315989
31.388889	-6.484343	-4.459711	2061.861167	-4.424981	-173.656302	0.100073	0.307489	5.510247	0.803046	401.522999	-173.656302	0.000000	79.115801	-170.307997	0.100888	0.100888	0.100888	0.100888	0.100888	22.000000	79.115801	0.018395	1579.151394	0.000000	0.000000	0.000000	0.000000	0.000000	0.000000	0.000000	0.000000	0.000000	0.000000	0.000000	0.000000	0.309950
31.527778	-6.194343	-4.309861	2064.343742	-4.123631	-174.260520	0.099317	0.299425	5.295653	0.778682	389.341137	-174.260520	0.000000	79.391193	-170.912215	0.100120	0.100120	0.100120	0.100120	0.100120	22.000000	79.391193	0.018428	1584.648214	0.000000	0.000000	0.000000	0.000000	0.000000	0.000000	0.000000	0.000000	0.000000	0.000000	0.000000	0.000000	0.304452
31.666667	-5.917616	-4.135478	2074.126432	-3.918163	-174.809551	0.098477	0.296229	5.072958	0.772363	386.181284	-174.809551	0.000000	79.636669	-171.461246	0.099266	0.099266	0.099266	0.099266	0.099266	22.000000	79.636669	0.018457	1589.547911	0.000000	0.000000	0.000000	0.000000	0.000000	0.000000	0.000000	0.000000	0.000000	0.000000	0.000000	0.000000	0.302881
31.805556	-5.907616	-4.211655	2117.051766	-3.805863	-175.347448	0.101982	0.282209	5.114841	0.744082	372.041188	-175.347448	0.000000	79.875852	-171.999143	0.102802	0.102802	0.102802	0.102802	0.102802	22.000000	79.875852	0.018486	1594.321999	0.000000	0.000000	0.000000	0.000000	0.000000	0.000000	0.000000	0.000000	0.000000	0.000000	0.000000	0.000000	0.297111
31.944444	-5.917267	-4.245868	2117.029056	-3.750704	-175.878826	0.099966	0.277769	5.136289	0.730236	365.118023	-175.878826	0.000000	80.110027	-172.530521	0.100760	0.100760	0.100760	0.100760	0.100760	22.000000	80.110027	0.018514	1598.996146	0.000000	0.000000	0.000000	0.000000	0.000000	0.000000	0.000000	0.000000	0.000000	0.000000	0.000000	0.000000	0.293192
32.083333	-6.012267	-4.296367	2072.824758	-3.770166	-176.405107	0.103710	0.280560	5.211027	0.723498	361.748845	-176.405107	0.000000	80.341058	-173.056802	0.103839	0.103839	0.103839	0.103839	0.103839	22.000000	80.341058	0.018541	1603.607511	0.000000	0.000000	0.000000	0.000000	0.000000	0.000000	0.000000	0.000000	0.000000	0.000000	0.000000	0.000000	0.288574
32.222222	-6.134458	-4.332263	1977.123272	-3.776951	-176.925075	0.099871	0.289076	5.282090	0.715049	357.524295	-176.925075	0.000000	80.569772	-173.576769	0.100652	0.100652	0.100652	0.100652	0.100652	22.000000	80.569772	0.018569	1608.172646	0.000000	0.000000	0.000000	0.000000	0.000000	0.000000	0.000000	0.000000	0.000000	0.000000	0.000000	0.000000	0.282132
32.361111	-6.204906	-4.526847	2113.397580	-3.759190	-177.441448	0.103071	0.266022	5.425768	0.692840	346.420131	-177.441448	0.000000	80.795102	-174.093143	0.103232	0.103232	0.103232	0.103232	0.103232	22.000000	80.795102	0.018595	1612.670234	0.000000	0.000000	0.000000	0.000000	0.000000	0.000000	0.000000	0.000000	0.000000	0.000000	0.000000	0.000000	0.279049
32.500000	-6.279906	-4.597961	2069.200507	-3.689099	-177.953546	0.098631	0.263688	5.494727	0.671389	335.694435	-177.953546	0.000000	81.019461	-174.605241	0.099387	0.099387	0.099387	0.099387	0.099387	22.000000	81.019461	0.018622	1617.148446	0.000000	0.000000	0.000000	0.000000	0.000000	0.000000	0.000000	0.000000	0.000000	0.000000	0.000000	0.000000	0.273584
32.638889	-6.302690	-4.681707	2069.175733	-3.555345	-178.460205	0.099805	0.253180	5.552624	0.640300	320.149977	-178.460205	0.000000	81.240892	-175.111900	0.100562	0.100562	0.100562	0.100562	0.100562	22.000000	81.240892	0.018648	1621.568213	0.000000	0.000000	0.000000	0.000000	0.000000	0.000000	0.000000	0.000000	0.000000	0.000000	0.000000	0.000000	0.267665
32.777778	-6.387690	-4.772325	2066.666318	-3.538726	-178.961691	0.100726	0.248961	5.642247	0.627184	313.591887	-178.961691	0.000000	81.459292	-175.613386	0.101482	0.101482	0.101482	0.101482	0.101482	22.000000	81.459292	0.018674	1625.927470	0.000000	0.000000	0.000000	0.000000	0.000000	0.000000	0.000000	0.000000	0.000000	0.000000	0.000000	0.000000	0.260895
32.916667	-6.488742	-4.864743	2063.029680	-3.551379	-179.455992	0.101491	0.246425	5.739995	0.618708	309.353857	-179.455992	0.000000	81.673692	-176.107687	0.102242	0.102242	0.102242	0.102242	0.102242	22.000000	81.673692	0.018699	1630.206884	0.000000	0.000000	0.000000	0.000000	0.000000	0.000000	0.000000	0.000000	0.000000	0.000000	0.000000	0.000000	0.255159
33.055556	-6.333742	-4.785729	2070.406182	-3.397318	-179.936306	0.101739	0.240544	5.626024	0.603858	301.928804	-179.936306	0.000000	81.881567	-176.588001	0.102482	0.102482	0.102482	0.102482	0.102482	22.000000	81.881567	0.018724	1634.356074	0.000000	0.000000	0.000000	0.000000	0.000000	0.000000	0.000000	0.000000	0.000000	0.000000	0.000000	0.000000	0.251524
33.194444	-6.348742	-4.838888	2068.013412	-3.309741	-180.400270	0.101461	0.234078	5.661762	0.584578	292.288988	-180.400270	0.000000	82.079590	-177.051965	0.102190	0.102190	0.102190	0.102190	0.102190	22.000000	82.079590	0.018747	1638.308625	0.000000	0.000000	0.000000	0.000000	0.000000	0.000000	0.000000	0.000000	0.000000	0.000000	0.000000	0.000000	0.247513
33.333333	-6.378742	-4.903805	2060.609040	-3.221626	-180.855161	0.100573	0.227638	5.710133	0.564195	282.097255	-180.855161	0.000000	82.272478	-177.506856	0.101285	0.101285	0.101285	0.101285	0.101285	22.000000	82.272478	0.018769	1642.158663	0.000000	0.000000	0.000000	0.000000	0.000000	0.000000	0.000000	0.000000	0.000000	0.000000	0.000000	0.000000	0.243024
33.472222	-6.375151	-4.939489	2064.292129	-3.141444	-181.297788	0.099230	0.221745	5.726588	0.548572	274.285849	-181.297788	0.000000	82.458795	-177.949483	0.099923	0.099923	0.099923	0.099923	0.099923	22.000000	82.458795	0.018791	1645.877545	0.000000	0.000000	0.000000	0.000000	0.000000	0.000000	0.000000	0.000000	0.000000	0.000000	0.000000	0.000000	0.238303
33.611111	-6.415151	-5.002261	2061.838457	-3.087941	-181.730642	0.102336	0.216785	5.782301	0.534033	267.016602	-181.730642	0.000000	82.640671	-178.382336	0.103034	0.103034	0.103034	0.103034	0.103034	22.000000	82.640671	0.018812	1649.507789	0.000000	0.000000	0.000000	0.000000	0.000000	0.000000	0.000000	0.000000	0.000000	0.000000	0.000000	0.000000	0.232393
33.750000	-6.475151	-5.085140	2064.333420	-3.041613	-182.156348	0.099162	0.211431	5.851819	0.519772	259.886107	-182.156348	0.000000	82.817072	-178.808043	0.099829	0.099829	0.099829	0.099829	0.099829	22.000000	82.817072	0.018833	1653.028762	0.000000	0.000000	0.000000	0.000000	0.000000	0.000000	0.000000	0.000000	0.000000	0.000000	0.000000	0.000000	0.230090
33.888889	-6.525151	-5.162101	2061.866328	-2.979053	-182.573522	0.102199	0.205670	5.919694	0.503244	251.622209	-182.573522	0.000000	82.990348	-179.225217	0.102868	0.102868	0.102868	0.102868	0.102868	22.000000	82.990348	0.018853	1656.487354	0.000000	0.000000	0.000000	0.000000	0.000000	0.000000	0.000000	0.000000	0.000000	0.000000	0.000000	0.000000	0.223245
34.027778	-6.555151	-5.241650	2081.459579	-2.898039	-182.982217	0.098965	0.197397	5.973315	0.485164	242.582099	-182.982217	0.000000	83.157638	-179.633912	0.099604	0.099604	0.099604	0.099604	0.099604	22.000000	83.157638	0.018873	1659.826447	0.000000	0.000000	0.000000	0.000000	0.000000	0.000000	0.000000	0.000000	0.000000	0.000000	0.000000	0.000000	0.219962
34.166667	-6.575151	-5.297675	2074.143981	-2.808650	-183.377322	0.102071	0.191319	6.015895	0.466872	233.435771	-183.377322	0.000000	83.319100	-180.029017	0.102708	0.102708	0.102708	0.102708	0.102708	22.000000	83.319100	0.018891	1663.049242	0.000000	0.000000	0.000000	0.000000	0.000000	0.000000	0.000000	0.000000	0.000000	0.000000	0.000000	0.000000	0.212377
34.305556	-6.635151	-5.378878	2066.745802	-2.752180	-183.763988	0.098784	0.186558	6.084198	0.452349	226.174437	-183.763988	0.000000	83.474334	-180.415683	0.099392	0.099392	0.099392	0.099392	0.099392	22.000000	83.474334	0.018909	1666.147713	0.000000	0.000000	0.000000	0.000000	0.000000	0.000000	0.000000	0.000000	0.000000	0.000000	0.000000	0.000000	0.210514
34.444444	-6.725151	-5.487949	2069.200507	-2.713621	-184.143087	0.101956	0.181219	6.187906	0.438536	219.268124	-184.143087	0.000000	83.626780	-180.794782	0.102559	0.102559	0.102559	0.102559	0.102559	22.000000	83.626780	0.018927	1669.190520	0.000000	0.000000	0.000000	0.000000	0.000000	0.000000	0.000000	0.000000	0.000000	0.000000	0.000000	0.000000	0.203586
34.583333	-6.765151	-5.567461	2060.637943	-2.616086	-184.512242	0.098618	0.174495	6.245797	0.418855	209.427716	-184.512242	0.000000	83.772585	-181.163937	0.099192	0.099192	0.099192	0.099192	0.099192	22.000000	83.772585	0.018944	1672.100806	0.000000	0.000000	0.000000	0.000000	0.000000	0.000000	0.000000	0.000000	0.000000	0.000000	0.000000	0.000000	0.200625
34.722222	-6.835151	-5.677515	2061.814715	-2.530041	-184.870534	0.101855	0.166878	6.340585	0.399023	199.511627	-184.870534	0.000000	83.913818	-181.522229	0.102420	0.102420	0.102420	0.102420	0.102420	22.000000	83.913818	0.018960	1674.919815	0.000000	0.000000	0.000000	0.000000	0.000000	0.000000	0.000000	0.000000	0.000000	0.000000	0.000000	0.000000	0.191915
34.861111	-6.895151	-5.767454	2061.894199	-2.464702	-185.217804	0.098470	0.161246	6.413256	0.384314	192.156859	-185.217804	0.000000	84.047684	-181.869499	0.099006	0.099006	0.099006	0.099006	0.099006	22.000000	84.047684	0.018975	1677.591778	0.000000	0.000000	0.000000	0.000000	0.000000	0.000000	0.000000	0.000000	0.000000	0.000000	0.000000	0.000000	0.190165
35.000000	-6.975151	-5.877591	2061.757941	-2.398678	-185.556709	0.101770	0.155090	6.512734	0.368306	184.152934	-185.556709	0.000000	84.178365	-182.208404	0.102293	0.102293	0.102293	0.102293	0.102293	22.000000	84.178365	0.018990	1680.200172	0.000000	0.000000	0.000000	0.000000	0.000000	0.000000	0.000000	0.000000	0.000000	0.000000	0.000000	0.000000	0.182980
35.138889	-7.020151	-5.955558	2038.588955	-2.300484	-185.884193	0.098339	0.149553	6.571828	0.350052	175.026183	-185.884193	0.000000	84.301584	-182.535888	0.098833	0.098833	0.098833	0.098833	0.098833	22.000000	84.301584	0.019004	1682.659615	0.000000	0.000000	0.000000	0.000000	0.000000	0.000000	0.000000	0.000000	0.000000	0.000000	0.000000	0.000000	0.180535
35.277778	-7.105151	-6.124932	2140.387977	-2.223932	-186.200242	0.101700	0.136012	6.704804	0.331692	165.846129	-186.200242	0.000000	84.419776	-182.851937	0.102177	0.102177	0.102177	0.102177	0.102177	22.000000	84.419776	0.019018	1685.018729	0.000000	0.000000	0.000000	0.000000	0.000000	0.000000	0.000000	0.000000	0.000000	0.000000	0.000000	0.000000	0.171339
35.416667	-7.165151	-6.160460	2015.116486	-2.146043	-186.502463	0.098230	0.138323	6.748576	0.317999	158.999659	-186.502463	0.000000	84.529292	-183.154158	0.098677	0.098677	0.098677	0.098677	0.098677	22.000000	84.529292	0.019030	1687.204678	0.000000	0.000000	0.000000	0.000000	0.000000	0.000000	0.000000	0.000000	0.000000	0.000000	0.000000	0.000000	0.169592
35.555556	-7.239148	-6.320724	2117.089959	-2.061050	-186.794894	0.101649	0.125112	6.871359	0.299948	149.973950	-186.794894	0.000000	84.634738	-183.446589	0.102074	0.102074	0.102074	0.102074	0.102074	22.000000	84.634738	0.019042	1689.309369	0.000000	0.000000	0.000000	0.000000	0.000000	0.000000	0.000000	0.000000	0.000000	0.000000	0.000000	0.000000	0.162116
35.694444	-7.299148	-6.364586	1983.335388	-1.964763	-187.074829	0.098144	0.126338	6.919495	0.283946	141.973028	-187.074829	0.000000	84.732168	-183.726524	0.098537	0.098537	0.098537	0.098537	0.098537	22.000000	84.732168	0.019053	1691.254076	0.000000	0.000000	0.000000	0.000000	0.000000	0.000000	0.000000	0.000000	0.000000	0.000000	0.000000	0.000000	0.160048
35.833333	-7.379148	-6.551171	2117.043508	-1.858036	-187.341746	0.101618	0.110681	7.058686	0.263227	131.613427	-187.341746	0.000000	84.823719	-183.993441	0.101984	0.101984	0.101984	0.101984	0.101984	22.000000	84.823719	0.019063	1693.081436	0.000000	0.000000	0.000000	0.000000	0.000000	0.000000	0.000000	0.000000	0.000000	0.000000	0.000000	0.000000	0.150433
35.972222	-7.434148	-6.590424	1974.687147	-1.766055	-187.592559	0.098086	0.112015	7.102021	0.248669	124.334704	-187.592559	0.000000	84.905397	-184.244254	0.098417	0.098417	0.098417	0.098417	0.098417	22.000000	84.905397	0.019073	1694.711732	0.000000	0.000000	0.000000	0.000000	0.000000	0.000000	0.000000	0.000000	0.000000	0.000000	0.000000	0.000000	0.148868
36.111111	-7.499148	-6.756050	2121.963240	-1.671436	-187.831947	0.101610	0.097766	7.222839	0.231410	115.704942	-187.831947	0.000000	84.982106	-184.483642	0.101907	0.101907	0.101907	0.101907	0.101907	22.000000	84.982106	0.019081	1696.242828	0.000000	0.000000	0.000000	0.000000	0.000000	0.000000	0.000000	0.000000	0.000000	0.000000	0.000000	0.000000	0.141005
36.250000	-7.549148	-6.828089	2027.484977	-1.549653	-188.056859	0.098057	0.094291	7.280726	0.212843	106.421628	-188.056859	0.000000	85.049707	-184.708554	0.098315	0.098315	0.098315	0.098315	0.098315	22.000000	85.049707	0.019089	1697.592155	0.000000	0.000000	0.000000	0.000000	0.000000	0.000000	0.000000	0.000000	0.000000	0.000000	0.000000	0.000000	0.139345
