!File created with processIceEx v1-11-02-2016 at 02/20/17 11:29:09 
!hour	 oC  	  oC  	 kg/h  	 kW    	  kWh 	 - 	 oC 	 kW/K 	 W/m2K 	 kWh 	 kWh 	 [kg,i/kg,w] 	 [kWh]	 oC	 oC	 oC	 oC	 oC 	 [kg,i/kg,w] 	 [kW/K] 	 [kg] 	 [kg] [W/m2] 	 [W/m2] 	[W/m2] 	[W/m2] 	 [oC] 	 [oC] 	 [oC] 	 [oC] 	 [oC] 	 [oC]
!(1)Time	 (2)Tin 	 (3)TOut 	 (4)mFlow 	 (5)Power 	 (6)Energy 	 (7)tStoreAv 	 (8)eff 	 (9)lmd 	 (10)Ua 	 (11)U (12)eHxPerCycleNeg 	 (13)eHxPerCyclePos 	 (14)ratioIce 	 (15)eIcing 	 (16)Tz1	 (17)Tz2	 (18)Tz3	 (19)Tz4	 (20)Tz5	  (21)tAmb 	 (22) ratioIceCalc 	 (23) radioIce 	 (24) massIce (25) HF1 	 (26) HF2 	(27) HF3 	 (28) TS1 	 (29) TS2 	(30) TS3 	 (31) TwaterTS1 	 (32) TwaterTS2 	(33) TwaterTS3 (34) ThxTS1 	 (35) ThxTS2 	(36) ThxTS3
1.111111	-3.954494	-1.440415	1959.297072	-5.221377	-6.190415	0.211957	0.603410	2.718356	1.920785	79.849565	-6.190415	0.000000	0.704280	-6.174083	0.521236	0.241785	1.115422	-0.090708	-0.727952	23.560860	2.810856	2.169433	0.990371	0.000000	0.000000	0.000000	0.000000	0.000000	0.000000	-0.517662	0.958167	-0.422075	-3.703086	-2.697455	-1.691823
2.222222	-3.808054	-1.208461	2007.576376	-5.532014	-12.215336	0.000000	0.682657	2.264906	2.442491	101.537579	-12.215336	0.000000	4.578720	-12.199005	-0.466342	-0.477605	-0.263802	-0.069526	-0.031549	23.455710	5.501870	4.429804	78.411605	0.000000	0.000000	0.000000	0.000000	0.000000	0.000000	-0.044081	-0.302287	-0.049778	-3.548095	-2.508258	-1.468420
3.333333	-3.592925	-1.050404	2101.802248	-5.664509	-18.347899	0.000000	0.707647	2.067440	2.739866	113.899824	-18.347899	0.000000	8.010371	-18.331567	-0.166343	-0.103471	0.073450	-0.049526	-0.031549	23.433260	8.251520	5.730195	146.984776	0.000000	0.000000	0.000000	0.000000	0.000000	0.000000	-0.037481	0.041604	-0.040178	-3.338673	-2.321664	-1.304656
4.444444	-3.569775	-0.965651	1964.166760	-5.421830	-24.479608	0.112241	0.707255	2.119840	2.557660	106.325270	-24.479608	0.000000	10.964015	-24.463276	0.134367	-0.023471	0.531385	-0.049526	-0.031549	23.358740	11.002465	6.648816	206.006147	0.000000	0.000000	0.000000	0.000000	0.000000	0.000000	-0.037481	0.431511	-0.040178	-3.309363	-2.267713	-1.226063
5.555556	-3.626099	-1.023106	2084.832000	-5.752411	-30.632145	0.282241	0.666010	2.373600	2.423497	100.747953	-30.632145	0.000000	13.952872	-30.615814	0.314367	0.036529	1.121385	-0.039526	-0.021549	23.262730	13.771846	7.464178	265.731167	0.000000	0.000000	0.000000	0.000000	0.000000	0.000000	-0.027481	0.926111	-0.030178	-3.365800	-2.324603	-1.283405
6.666667	-3.607012	-1.093273	2092.219336	-5.574851	-36.782360	0.323115	0.639608	2.463094	2.263353	94.090556	-36.782360	0.000000	17.163126	-36.766029	0.391791	0.266529	0.938332	0.030474	-0.011549	23.125930	16.545362	8.250669	329.880263	0.000000	0.000000	0.000000	0.000000	0.000000	0.000000	0.002319	0.817407	0.008622	-3.355638	-2.350143	-1.344647
7.777778	-3.681620	-1.061403	2000.287592	-5.555659	-42.913088	0.378377	0.645374	2.527479	2.198102	91.378009	-42.913088	0.000000	20.041284	-42.896756	0.458181	0.416677	0.879812	0.168766	-0.031549	23.054380	19.310719	8.896884	387.393245	0.000000	0.000000	0.000000	0.000000	0.000000	0.000000	0.034555	0.796448	0.064602	-3.419598	-2.371511	-1.323425
8.888889	-3.690498	-1.119090	2089.705752	-5.695895	-49.040458	0.363146	0.634345	2.555908	2.228522	92.642571	-49.040458	0.000000	23.030141	-49.024126	0.257978	0.311528	0.959006	0.318766	-0.031549	23.100060	22.074402	9.521646	447.118265	0.000000	0.000000	0.000000	0.000000	0.000000	0.000000	0.084055	0.842460	0.136602	-3.433357	-2.404794	-1.376231
10.000000	-3.713134	-1.192290	2092.215272	-5.590597	-55.162638	0.299292	0.628259	2.547443	2.194592	91.232075	-55.162638	0.000000	25.922525	-55.146306	0.422469	0.251528	0.503882	0.360130	-0.041549	23.181430	24.834527	10.089476	504.915494	0.000000	0.000000	0.000000	0.000000	0.000000	0.000000	0.091005	0.458458	0.151257	-3.461050	-2.452712	-1.444374
11.111111	-3.765095	-1.175613	2005.121720	-5.503760	-61.272112	0.389736	0.623246	2.652715	2.074765	86.250697	-61.272112	0.000000	28.689985	-61.255780	0.419673	0.434187	0.756241	0.390130	-0.051549	23.183180	27.586288	10.604355	560.216439	0.000000	0.000000	0.000000	0.000000	0.000000	0.000000	0.094205	0.698271	0.160457	-3.506147	-2.470354	-1.434561
12.222222	-3.785238	-1.262300	2084.923440	-5.575741	-67.362781	0.284779	0.619884	2.608285	2.137704	88.867145	-67.362781	0.000000	31.457445	-67.346449	0.439673	0.334753	0.511749	0.189271	-0.051549	23.204040	30.327296	11.095366	615.517384	0.000000	0.000000	0.000000	0.000000	0.000000	0.000000	0.027922	0.479890	0.064044	-3.532944	-2.523769	-1.514594
13.333333	-3.830300	-1.327492	2092.225432	-5.550625	-73.441255	0.243951	0.614299	2.627089	2.112842	87.833637	-73.441255	0.000000	34.335604	-73.424924	0.512590	0.154753	0.541749	0.082213	-0.071549	23.225060	33.060787	11.583961	673.030366	0.000000	0.000000	0.000000	0.000000	0.000000	0.000000	-0.020808	0.472090	0.002257	-3.580019	-2.578896	-1.577773
14.444444	-3.851508	-1.356950	1964.196224	-5.193789	-79.498071	0.285250	0.603022	2.700102	1.923553	79.964633	-79.498071	0.000000	37.103064	-79.481740	0.474384	0.296873	0.564329	0.172213	-0.081549	23.149490	35.782856	12.035073	728.331311	0.000000	0.000000	0.000000	0.000000	0.000000	0.000000	0.002192	0.516187	0.040257	-3.602052	-2.604229	-1.606406
15.555556	-3.929907	-1.417680	2111.549752	-5.622974	-85.549936	0.251092	0.600868	2.735253	2.055741	85.459874	-85.549936	0.000000	39.981223	-85.533604	0.348673	0.296636	0.647310	0.054389	-0.091549	22.990030	38.504965	12.486952	785.844293	0.000000	0.000000	0.000000	0.000000	0.000000	0.000000	-0.043389	0.584188	-0.021498	-3.678684	-2.673793	-1.668903
16.666667	-3.983350	-1.438192	2017.225328	-5.442207	-91.592163	0.268838	0.598553	2.788668	1.951543	81.128226	-91.592163	0.000000	42.724673	-91.575831	0.427402	0.366636	0.597310	0.054389	-0.101549	22.864490	41.224698	12.902959	840.665447	0.000000	0.000000	0.000000	0.000000	0.000000	0.000000	-0.050089	0.555788	-0.026698	-3.728834	-2.710771	-1.692708
17.777778	-4.044440	-1.494003	2087.296816	-5.642930	-97.640600	0.253862	0.593359	2.834370	1.990894	82.764084	-97.640600	0.000000	45.602831	-97.624268	0.281114	0.378045	0.597310	0.054389	-0.041549	22.905290	43.949546	13.325440	898.178429	0.000000	0.000000	0.000000	0.000000	0.000000	0.000000	-0.009889	0.557842	0.004502	-3.789396	-2.769222	-1.749047
18.888889	-4.072192	-1.594883	2089.845960	-5.487826	-103.677581	0.219862	0.577185	2.877846	1.906921	79.273218	-103.677581	0.000000	48.370291	-103.661249	0.251114	0.208045	0.707310	0.044389	-0.111549	22.881490	46.667450	13.719409	953.479374	0.000000	0.000000	0.000000	0.000000	0.000000	0.000000	-0.060089	0.617442	-0.036698	-3.824461	-2.833538	-1.842614
20.000000	-4.155060	-1.606186	2010.035096	-5.430726	-109.697925	0.288098	0.573663	2.989796	1.816420	75.510975	-109.697925	0.000000	51.248461	-109.681593	0.188147	0.343103	0.842292	0.198497	-0.131549	22.860080	49.377440	14.117479	1010.992577	0.000000	0.000000	0.000000	0.000000	0.000000	0.000000	-0.022634	0.752438	0.026873	-3.900173	-2.880623	-1.861073
21.111111	-4.208489	-1.664519	2014.839760	-5.433233	-115.710314	0.270274	0.568007	3.030894	1.792618	74.521465	-115.710314	0.000000	54.015921	-115.693982	0.359028	0.313103	0.822292	-0.001503	-0.141549	22.770580	52.084262	14.489929	1066.293522	0.000000	0.000000	0.000000	0.000000	0.000000	0.000000	-0.095334	0.730638	-0.074327	-3.954092	-2.936504	-1.918916
22.222222	-4.276668	-1.738353	2012.407456	-5.414611	-121.703135	0.229174	0.563339	3.063388	1.767524	73.478288	-121.703135	0.000000	56.870070	-121.686803	0.217522	0.228390	0.902292	-0.001503	-0.200829	22.821030	54.780737	14.864273	1123.326713	0.000000	0.000000	0.000000	0.000000	0.000000	0.000000	-0.135051	0.780990	-0.105153	-4.022837	-3.007510	-1.992185
23.333333	-4.347185	-1.825886	2019.673888	-5.397734	-127.673327	0.243164	0.549261	3.164017	1.705975	70.919614	-127.673327	0.000000	59.637530	-127.656996	0.157522	0.298390	0.962243	0.038497	-0.240829	22.709570	57.465222	15.218457	1178.627658	0.000000	0.000000	0.000000	0.000000	0.000000	0.000000	-0.148651	0.842749	-0.106753	-4.095055	-3.086535	-2.078016
24.444444	-4.438529	-1.898742	2005.243640	-5.398465	-133.617450	0.219635	0.545234	3.223198	1.674879	69.626909	-133.617450	0.000000	62.626387	-133.601119	0.230743	0.178290	1.002243	-0.032273	-0.280829	22.737500	60.135359	15.591941	1238.352678	0.000000	0.000000	0.000000	0.000000	0.000000	0.000000	-0.198806	0.853932	-0.161522	-4.184550	-3.168635	-2.152721
25.555556	-4.503125	-2.042482	2099.472560	-5.476016	-139.534760	0.244864	0.518250	3.369225	1.625304	67.566028	-139.534760	0.000000	65.504546	-139.518428	0.234724	0.320454	1.012243	-0.012273	-0.330829	22.725930	62.791943	15.943326	1295.865660	0.000000	0.000000	0.000000	0.000000	0.000000	0.000000	-0.225706	0.887721	-0.177922	-4.257061	-3.272804	-2.288546
26.666667	-4.652666	-2.160928	1952.076360	-5.155907	-145.414882	0.200162	0.513461	3.458642	1.490732	61.971671	-145.414882	0.000000	68.272006	-145.398550	0.223368	0.241744	0.938799	-0.012273	-0.390829	22.775090	65.428238	16.274042	1351.166605	0.000000	0.000000	0.000000	0.000000	0.000000	0.000000	-0.265906	0.813329	-0.209122	-4.403492	-3.406797	-2.410102
27.777778	-4.806690	-2.416640	2051.186144	-5.196584	-151.252633	0.112456	0.485867	3.592585	1.446475	60.131855	-151.252633	0.000000	71.260863	-151.236301	0.029572	0.223724	0.798799	-0.028987	-0.460829	22.707940	68.039818	16.623828	1410.891625	0.000000	0.000000	0.000000	0.000000	0.000000	0.000000	-0.318321	0.695286	-0.253545	-4.567685	-3.611665	-2.655645
28.888889	-5.066711	-2.693402	1954.433480	-4.916783	-157.006102	0.061238	0.462818	3.819177	1.287393	53.518635	-157.006102	0.000000	74.557816	-156.989770	0.087495	0.157911	0.648272	-0.056659	-0.530829	22.786330	70.604850	17.001324	1476.773189	0.000000	0.000000	0.000000	0.000000	0.000000	0.000000	-0.374353	0.560007	-0.303227	-4.829380	-3.880056	-2.930733
30.000000	-5.559147	-3.249990	2080.151288	-5.091600	-162.650921	0.000000	0.415380	4.301766	1.183607	49.204088	-162.650921	0.000000	77.878768	-162.634589	0.079869	0.153330	0.488826	-0.084426	-0.661140	22.607830	73.110305	17.373278	1543.134322	0.000000	0.000000	0.000000	0.000000	0.000000	0.000000	-0.470824	0.428437	-0.384317	-5.328231	-4.404568	-3.480906
31.111111	-6.270630	-4.036145	2034.107184	-4.817893	-168.106614	0.000000	0.356341	5.071611	0.949973	39.491618	-168.106614	0.000000	81.089022	-168.090282	-0.042467	0.043617	0.029113	-0.181388	-0.831140	22.653150	75.513711	17.725416	1607.283418	0.000000	0.000000	0.000000	0.000000	0.000000	0.000000	-0.616722	0.031723	-0.519259	-6.047181	-5.153388	-4.259594
32.222222	-6.154458	-4.430764	1949.645072	-3.562227	-172.563678	0.000000	0.280072	5.245495	0.679102	28.231171	-172.563678	0.000000	83.745784	-172.547346	-0.031591	0.041165	0.218583	-0.281388	-0.951140	22.386600	77.381452	18.011635	1660.372325	0.000000	0.000000	0.000000	0.000000	0.000000	0.000000	-0.730122	0.186648	-0.629659	-5.982089	-5.292611	-4.603133
33.333333	-6.378742	-4.998271	2029.276104	-2.969438	-176.268541	0.000000	0.216417	5.660479	0.524591	21.807952	-176.268541	0.000000	84.836661	-176.252210	-0.103182	-0.017700	0.138679	-0.411388	-1.111140	22.253710	78.846105	18.127849	1682.170851	0.000000	0.000000	0.000000	0.000000	0.000000	0.000000	-0.880222	0.110531	-0.775259	-6.240695	-5.688506	-5.136318
34.444444	-6.725151	-5.448271	2036.614672	-2.756543	-179.452006	0.000000	0.189866	6.064323	0.454551	18.896277	-179.452006	0.000000	87.382725	-179.435674	-0.134258	-0.120687	0.213622	-0.561288	-1.271140	22.289790	80.030919	18.396232	1733.047720	0.000000	0.000000	0.000000	0.000000	0.000000	0.000000	-1.036889	0.153447	-0.930411	-6.597463	-6.086711	-5.575959
35.555556	-7.239148	-6.057090	2087.305960	-2.615356	-182.387984	0.000000	0.163287	6.630567	0.394439	16.397356	-182.387984	0.000000	88.821815	-182.371652	-0.224258	-0.300687	0.363622	-0.771288	-1.501140	22.366360	81.081019	18.546210	1761.804432	0.000000	0.000000	0.000000	0.000000	0.000000	0.000000	-1.260289	0.244046	-1.150811	-7.120942	-6.648119	-6.175296
!36.666667	-7.729148	-6.636041	2043.890248	-2.368242	-185.159744	0.000000	0.141427	7.168710	0.330358	13.733425	-185.159744	0.000000	90.371582	-185.143413	-0.364258	-0.600687	0.473891	-1.061288	-1.750075	22.449550	82.041074	18.706377	1792.772740	0.000000	0.000000	0.000000	0.000000	0.000000	0.000000	-1.522775	0.280467	-1.419457	-7.619837	-7.182595	-6.745352
!37.777778	-8.149826	-7.111622	2039.045960	-2.243962	-187.760537	0.000000	0.127390	7.618938	0.294524	12.243762	-187.760537	0.000000	91.589275	-187.744206	-0.610939	-0.923182	0.413891	-1.361288	-1.990076	22.625100	82.905771	18.831269	1817.105377	0.000000	0.000000	0.000000	0.000000	0.000000	0.000000	-1.782576	0.173218	-1.688258	-8.046006	-7.630724	-7.215442
!38.888889	-8.504436	-7.495513	2070.351968	-2.214155	-190.218292	0.000000	0.118635	7.989360	0.277138	11.520991	-190.218292	0.000000	92.806947	-190.201960	-0.930939	-1.233182	0.321828	-1.637511	-2.220076	22.693440	83.689745	18.955337	1841.437571	0.000000	0.000000	0.000000	0.000000	0.000000	0.000000	-2.027830	0.041926	-1.940445	-8.403544	-7.999975	-7.596405
!40.000000	-8.797705	-7.825513	2026.985024	-2.088856	-192.570537	0.000000	0.110505	8.302124	0.251605	10.459549	-192.570537	0.000000	94.135328	-192.554205	-1.270939	-1.543182	0.081828	-1.927511	-2.450076	22.870790	84.413749	19.089764	1867.982025	0.000000	0.000000	0.000000	0.000000	0.000000	0.000000	-2.277630	-0.210674	-2.199245	-8.700486	-8.311609	-7.922732
!41.111111	-9.071876	-8.135513	2036.535424	-2.021353	-194.801707	0.000000	0.103216	8.595196	0.235172	9.776425	-194.801707	0.000000	95.353021	-194.785375	-1.677947	-1.837459	-0.038172	-2.227511	-2.741902	22.945660	85.068950	19.212164	1892.314662	0.000000	0.000000	0.000000	0.000000	0.000000	0.000000	-2.572153	-0.362044	-2.494994	-8.978240	-8.603694	-8.229149
!42.222222	-9.317827	-8.417781	2039.020560	-1.945325	-196.945316	0.000000	0.096594	8.860186	0.219558	9.127316	-196.945316	0.000000	96.592810	-196.928984	-2.633171	-2.667459	-0.208172	-2.557148	-3.201902	23.003940	85.675334	19.335989	1917.088821	0.000000	0.000000	0.000000	0.000000	0.000000	0.000000	-2.989133	-0.650844	-2.892420	-9.227822	-8.867804	-8.507786
!43.333333	-9.553856	-8.697781	1949.634912	-1.769176	-199.018875	0.000000	0.089605	9.119122	0.194007	8.065136	-199.018875	0.000000	97.810493	-199.002544	-3.691643	-4.289752	-0.623413	-3.007148	-3.696916	22.934010	86.243836	19.456840	1941.421237	0.000000	0.000000	0.000000	0.000000	0.000000	0.000000	-3.469293	-1.283354	-3.365827	-9.468248	-9.125819	-8.783389
!44.444444	-9.584675	-8.858171	1952.099728	-1.503301	-200.953722	0.000000	0.075799	9.216651	0.163107	6.780574	-200.953722	0.000000	99.138874	-200.937391	-4.873075	-5.304487	-1.193413	-3.652747	-4.126916	22.774200	86.739755	19.587826	1967.965690	0.000000	0.000000	0.000000	0.000000	0.000000	0.000000	-3.970440	-1.933406	-3.899315	-9.512025	-9.221423	-8.930821
!45.555556	-9.575344	-8.901901	1952.024544	-1.393452	-202.642424	0.000000	0.070331	9.234530	0.150896	6.272937	-202.642424	0.000000	100.024461	-202.626092	-5.841029	-6.115688	-2.496165	-4.422746	-4.466916	22.662400	87.106127	19.674665	1985.661993	0.000000	0.000000	0.000000	0.000000	0.000000	0.000000	-4.452340	-3.147679	-4.445714	-9.508000	-9.238622	-8.969245
!46.666667	-9.585344	-8.951901	1956.897280	-1.313958	-204.227914	0.000000	0.066085	9.265014	0.141819	5.895615	-204.227914	0.000000	101.131445	-204.211582	-6.474941	-6.495688	-3.693771	-5.161801	-4.799164	22.528550	87.420164	19.782679	2007.782370	0.000000	0.000000	0.000000	0.000000	0.000000	0.000000	-4.918834	-4.198116	-4.973230	-9.522000	-9.268622	-9.015245
!47.777778	-9.591636	-8.988540	1956.898296	-1.251009	-205.698311	0.000000	0.062877	9.286824	0.134708	5.599988	-205.698311	0.000000	102.238429	-205.681979	-6.784941	-6.795688	-4.741645	-5.899614	-5.169164	22.383780	87.675279	19.890106	2029.902748	0.000000	0.000000	0.000000	0.000000	0.000000	0.000000	-5.410213	-5.111373	-5.519780	-9.531326	-9.290088	-9.048850
!48.888889	-9.609355	-9.018540	2097.034160	-1.313297	-207.111536	0.000000	0.061483	9.310824	0.141051	5.863657	-207.111536	0.000000	103.013340	-207.095204	-6.998112	-7.042444	-5.421645	-6.539614	-5.579165	22.262860	87.902866	19.964963	2045.387455	0.000000	0.000000	0.000000	0.000000	0.000000	0.000000	-5.896113	-5.713389	-6.040181	-9.550274	-9.313948	-9.077621
!50.000000	-9.609355	-9.078540	2055.961344	-1.156815	-208.466842	0.000000	0.055239	9.341434	0.123837	5.148067	-208.466842	0.000000	103.456134	-208.450510	-7.148112	-7.232444	-5.861657	-6.978468	-5.961699	22.151750	88.101632	20.007611	2054.235606	0.000000	0.000000	0.000000	0.000000	0.000000	0.000000	-6.297233	-6.108399	-6.449748	-9.556274	-9.343948	-9.131621
!51.111111	-9.613398	-9.109128	2058.346912	-1.100240	-209.722006	0.000000	0.052455	9.358999	0.117560	4.887108	-209.722006	0.000000	104.009626	-209.705674	-7.278112	-7.382444	-6.201657	-7.258468	-6.411699	22.061430	88.248703	20.060794	2065.295795	0.000000	0.000000	0.000000	0.000000	0.000000	0.000000	-6.691133	-6.414199	-6.818148	-9.562971	-9.361263	-9.159555
!52.222222	-9.623398	-9.139128	1959.283864	-1.005752	-210.897185	0.000000	0.050322	9.379179	0.107232	4.457791	-210.897185	0.000000	104.452419	-210.880853	-7.368112	-7.492444	-6.471657	-7.428468	-6.796347	21.985880	88.354751	20.103240	2074.143946	0.000000	0.000000	0.000000	0.000000	0.000000	0.000000	-7.004947	-6.655399	-7.099765	-9.574971	-9.381263	-9.187555
!53.333333	-9.616285	-9.169128	1944.889176	-0.921851	-212.013454	0.000000	0.046500	9.390932	0.098164	4.080805	-212.013454	0.000000	104.895213	-211.997122	-7.458112	-7.582444	-6.671657	-7.538468	-6.966347	21.934230	88.430009	20.145595	2082.992097	0.000000	0.000000	0.000000	0.000000	0.000000	0.000000	-7.155147	-6.835599	-7.240965	-9.571569	-9.392706	-9.213844
!54.444444	-9.626285	-9.189128	2053.483320	-0.951556	-213.092588	0.000000	0.045413	9.406013	0.101165	4.205548	-213.092588	0.000000	105.338007	-213.076257	-7.508112	-7.632444	-6.850583	-7.588468	-7.066347	21.860380	88.487296	20.187862	2091.840249	0.000000	0.000000	0.000000	0.000000	0.000000	0.000000	-7.238647	-6.991318	-7.316965	-9.582569	-9.407706	-9.232844
!55.555556	-9.621056	-9.220142	1952.073312	-0.829570	-214.104215	0.000000	0.041670	9.419177	0.088072	3.661289	-214.104215	0.000000	105.891499	-214.087883	-7.558112	-7.672444	-6.980583	-7.628468	-7.116347	21.944140	88.507504	20.240572	2102.900437	0.000000	0.000000	0.000000	0.000000	0.000000	0.000000	-7.285347	-7.105118	-7.362165	-9.580965	-9.420599	-9.260233
!56.666667	-9.623154	-9.240142	1949.749720	-0.791584	-215.060030	0.000000	0.039801	9.430352	0.083940	3.489498	-215.060030	0.000000	106.666388	-215.043698	-7.578112	-7.702444	-7.070583	-7.648468	-7.176347	21.723990	88.496783	20.314135	2118.384702	0.000000	0.000000	0.000000	0.000000	0.000000	0.000000	-7.332147	-7.184318	-7.402965	-9.584853	-9.431648	-9.278443
!57.777778	-9.623154	-9.250143	2046.374368	-0.809119	-215.991829	0.000000	0.038762	9.435420	0.085753	3.564882	-215.991829	0.000000	106.887784	-215.975497	-7.628112	-7.742444	-7.150583	-7.688468	-7.246347	22.119500	88.475122	20.335105	2122.808778	0.000000	0.000000	0.000000	0.000000	0.000000	0.000000	-7.392247	-7.257118	-7.458565	-9.585853	-9.436649	-9.287444
!58.888889	-8.630785	-6.626907	-4.465713	0.009486	-216.716942	0.000000	0.232178	7.584779	0.001251	0.051990	0.000000	0.000051	106.694284	-216.700610	-7.518112	-7.601159	-7.120583	-7.545119	-6.906347	21.690540	88.335978	20.316779	2118.942135	0.000000	0.000000	0.000000	0.000000	0.000000	0.000000	-7.117142	-7.207087	-7.212958	-8.430397	-7.628846	-6.827295
