!File created with processIceEx v1-11-02-2016 at 06/08/17 14:05:01 
!hour	 oC  	  oC  	 kg/h  	 kW    	  kWh 	 - 	 oC 	 kW/K 	 W/m2K 	 kWh 	 kWh 	 [kg,i/kg,w] 	 [kWh]	 oC	 oC	 oC	 oC	 oC 	 [kg,i/kg,w] 	 [kW/K] 	 [kg] 	 [kg] [W/m2] 	 [W/m2] 	[W/m2] 	[W/m2] 	 [oC] 	 [oC] 	 [oC] 	 [oC] 	 [oC] 	 [oC]	 [0-1]
!(1)Time	 (2)Tin 	 (3)TOut 	 (4)mFlow 	 (5)Power 	 (6)Energy 	 (7)tStoreAv 	 (8)eff 	 (9)lmd 	 (10)Ua 	 (11)U (12)eHxPerCycleNeg 	 (13)eHxPerCyclePos 	 (14)ratioIce 	 (15)eIcing 	 (16)Tz1	 (17)Tz2	 (18)Tz3	 (19)Tz4	 (20)Tz5	  (21)tAmb 	 (22) ratioIceCalc 	 (23) radioIce 	 (24) massIce (25) HF1 	 (26) HF2 	(27) HF3 	 (28) TS1 	 (29) TS2 	(30) TS3 	 (31) TwaterTS1 	 (32) TwaterTS2 	(33) TwaterTS3 (34) ThxTS1 	 (35) ThxTS2 	(36) ThxTS3 	(37) fConst
1.111111	-6.103426	-4.037703	2100.221275	-4.308140	-5.111238	0.734631	0.302092	5.743414	0.750101	inf	-5.111238	0.000000	0.020658	-0.553707	1.114816	0.888230	0.780419	0.579606	0.310082	22.538990	2.252340	-inf	-10.359432	258.165000	37381.290000	23056.670000	0.052354	22.538990	22.437280	0.399025	0.799825	0.439454	-5.896854	-5.070564	-4.244275	0.000000
2.222222	-5.982573	-3.903031	2107.672603	-4.352893	-10.172973	0.000000	0.347600	4.869012	0.893999	inf	-10.172973	0.000000	2.532937	-5.077599	0.110708	-0.064403	-0.110506	-0.130799	-0.060648	22.500460	4.448459	inf	39.900894	250.756900	37381.900000	23057.400000	-0.608407	22.500460	22.359720	-0.083798	-0.102208	-0.094320	-5.774619	-4.942802	-4.110985	0.000000
3.333333	-6.459378	-4.272106	2100.400460	-4.560702	-15.222555	0.000000	0.338620	5.290600	0.862039	inf	-15.222555	0.000000	5.215895	-10.127181	0.000708	-0.054403	-0.038236	-0.020799	0.017697	22.444730	6.634999	inf	93.575793	262.829500	37385.490000	23060.270000	-0.958407	22.444730	22.316190	0.004993	-0.041146	-0.000781	-6.240651	-5.365742	-4.490833	0.000000
4.444444	-6.246617	-4.324254	2102.856647	-4.013341	-20.036184	0.008241	0.307339	5.234981	0.766639	inf	-20.036184	0.000000	7.719581	-14.940809	-0.039292	-0.024403	-0.038236	-0.014562	0.157697	22.291510	8.694539	inf	143.664202	263.997400	37394.360000	23064.140000	-1.136618	22.291510	22.175050	0.100851	-0.035746	0.075013	-6.054381	-5.285436	-4.516490	0.000000
5.555556	-6.496731	-4.552653	2098.105654	-4.048554	-24.583321	0.016239	0.298493	5.483615	0.738300	inf	-24.583321	0.000000	9.785148	-19.487946	-0.039292	-0.034403	-0.038236	-0.014562	0.207686	22.373790	10.614441	inf	184.987676	272.589900	37388.960000	23061.890000	-1.316618	22.373790	22.255220	0.134345	-0.037546	0.101007	-6.302323	-5.524692	-4.747061	0.000000
6.666667	-5.250041	-3.725297	2102.331651	-3.184924	-28.405219	0.024239	0.289090	4.468637	0.712728	inf	-28.405219	0.000000	11.500773	-23.309845	-0.039292	-0.044403	-0.038236	-0.024562	0.267686	22.517170	12.142881	inf	219.310249	223.741300	37382.830000	23057.040000	-1.136618	22.517170	22.428660	0.171245	-0.039346	0.127407	-5.097567	-4.487669	-3.877771	0.000000
7.777778	-5.341304	-3.828695	2112.297058	-3.174250	-31.937462	0.030239	0.281597	4.573626	0.694034	inf	-31.937462	0.000000	12.968846	-26.842087	-0.039292	-0.044403	-0.038236	-0.034562	0.307686	22.438480	13.514731	inf	248.680333	223.684300	37387.530000	23059.240000	-1.206618	22.438480	22.331880	0.194745	-0.039346	0.143407	-5.190043	-4.585000	-3.979956	0.000000
8.888889	-5.390189	-3.889121	2112.328851	-3.149910	-35.422565	0.032351	0.276820	4.631536	0.680101	inf	-35.422565	0.000000	14.815356	-30.327190	-0.039292	-0.044403	-0.038236	-0.034562	0.318248	22.587070	14.856575	inf	285.621364	221.939500	37378.850000	23053.700000	-1.266618	22.587070	22.550830	0.201821	-0.039346	0.148899	-5.240082	-4.639655	-4.039228	0.000000
10.000000	-5.513092	-4.039121	2102.404507	-3.078104	-38.900827	0.038351	0.265511	4.776614	0.644411	inf	-38.900827	0.000000	16.351710	-33.805452	-0.039292	-0.044403	-0.038236	-0.034562	0.348248	22.509790	16.197359	inf	316.357464	224.498500	37385.010000	23058.210000	-1.356618	22.509790	22.386780	0.221921	-0.039346	0.164499	-5.365695	-4.776107	-4.186518	0.000000
11.111111	-5.537522	-4.059121	2104.932816	-3.091001	-42.335373	0.042351	0.264952	4.802809	0.643582	inf	-42.335373	0.000000	17.882404	-37.239999	-0.039292	-0.024403	-0.038236	-0.034562	0.348248	22.563060	17.512996	inf	346.980321	220.707600	37380.690000	23056.270000	-1.408110	22.563060	22.449180	0.221921	-0.035746	0.164499	-5.389682	-4.798322	-4.206961	0.000000
12.222222	-5.583042	-4.119121	2105.088995	-3.060795	-45.736618	0.042351	0.260234	4.856716	0.630219	inf	-45.736618	0.000000	19.549642	-40.641243	-0.039292	-0.024403	-0.038236	-0.034562	0.348248	22.602390	18.807907	inf	380.334879	219.043600	37376.940000	23053.030000	-1.458110	22.602390	22.535330	0.221921	-0.035746	0.164499	-5.436650	-4.851081	-4.265513	0.000000
13.333333	-5.652703	-4.199121	2102.604885	-3.035369	-49.121591	0.047851	0.254990	4.938158	0.614676	inf	-49.121591	0.000000	20.949451	-44.026217	-0.039292	-0.024403	-0.038236	-0.024562	0.365748	22.595130	20.094797	inf	408.339277	218.535100	37378.890000	23054.180000	-1.518110	22.595130	22.517770	0.236946	-0.035746	0.178399	-5.507345	-4.925912	-4.344479	0.000000
14.444444	-5.710311	-4.259121	2100.091737	-3.026577	-52.484361	0.045851	0.252111	4.995485	0.605863	inf	-52.484361	0.000000	22.548418	-47.388986	-0.039292	-0.024403	-0.038236	-0.024562	0.355748	22.646900	21.366917	inf	440.327985	217.617600	37377.000000	23053.360000	-1.568110	22.646900	22.559780	0.230246	-0.035746	0.173199	-5.565192	-4.984716	-4.404240	0.000000
15.555556	-5.777062	-4.337281	2102.656884	-3.006237	-55.826341	0.046049	0.247253	5.069188	0.593041	inf	-55.826341	0.000000	23.982355	-50.730967	-0.049292	-0.043414	-0.038236	-0.024562	0.385748	22.625180	22.628048	inf	469.015144	217.052800	37373.760000	23053.860000	-1.618110	22.625180	22.493770	0.250346	-0.039168	0.188799	-5.633084	-5.057171	-4.481259	0.000000
16.666667	-5.854809	-4.407281	2102.584998	-3.022090	-59.164528	0.042049	0.245474	5.139162	0.588051	inf	-59.164528	0.000000	25.567087	-54.069154	-0.059292	-0.043414	-0.038236	-0.024562	0.375748	22.482470	23.888986	inf	500.719093	216.191900	37384.160000	23058.110000	-1.668110	22.482470	22.383750	0.243646	-0.039168	0.183599	-5.710056	-5.131045	-4.552034	0.000000
17.777778	-5.889581	-4.467281	2102.775674	-2.969551	-62.497762	0.038049	0.239944	5.184002	0.572830	inf	-62.497762	0.000000	27.180295	-57.402387	-0.059292	-0.043414	-0.038236	-0.034562	0.365748	22.526300	25.148291	inf	532.992724	214.134700	37382.460000	23057.850000	-1.728110	22.526300	22.398640	0.233646	-0.039168	0.173599	-5.747351	-5.178431	-4.609511	0.000000
18.888889	-5.955084	-4.507281	2030.177021	-2.918284	-65.807607	0.032049	0.241819	5.229874	0.558003	inf	-65.807607	0.000000	28.599990	-60.712233	-0.069292	-0.053414	-0.038236	-0.034562	0.355748	22.299270	26.397096	inf	561.394959	210.426500	37394.090000	23064.700000	-1.768110	22.299270	22.205270	0.226946	-0.040968	0.168399	-5.810304	-5.231183	-4.652061	0.000000
20.000000	-6.027863	-4.589486	2140.237155	-3.056228	-69.086652	0.026465	0.237578	5.302666	0.576357	inf	-69.086652	0.000000	30.082314	-63.991278	-0.079292	-0.053414	-0.038236	-0.034562	0.337831	22.406860	27.629572	inf	591.050132	214.008900	37381.180000	23060.260000	-1.821047	22.406860	22.326640	0.214941	-0.040968	0.159082	-5.884025	-5.308675	-4.733324	0.000000
21.111111	-6.085716	-4.675754	2110.296662	-2.953733	-72.366862	0.022465	0.230832	5.372399	0.549798	inf	-72.366862	0.000000	31.578871	-67.271488	-0.099292	-0.053414	-0.048236	-0.034562	0.347831	22.238470	28.865175	inf	620.990063	213.719400	37395.430000	23064.740000	-1.881047	22.238470	22.160130	0.221641	-0.049168	0.164282	-5.944720	-5.380735	-4.816750	0.000000
22.222222	-6.151082	-4.757966	2135.260243	-2.952752	-75.632365	0.010465	0.226098	5.435266	0.543258	inf	-75.632365	0.000000	33.081081	-70.536991	-0.119292	-0.053414	-0.048236	-0.034562	0.307831	22.134630	30.094437	inf	651.043072	213.142000	37401.270000	23068.300000	-1.941047	22.134630	22.024420	0.194841	-0.049168	0.143482	-6.011770	-5.454524	-4.897278	0.000000
23.333333	-6.224206	-4.829172	2132.777615	-2.953170	-78.876839	0.018465	0.223467	5.515783	0.535404	inf	-78.876839	0.000000	34.981629	-73.781465	-0.139292	-0.053414	-0.048236	-0.034562	0.367831	22.105530	31.312457	inf	689.065196	213.365300	37401.820000	23069.570000	-1.991047	22.105530	21.974600	0.235041	-0.049168	0.174682	-6.084703	-5.526689	-4.968675	0.000000
24.444444	-6.294206	-4.919679	2110.438131	-2.879053	-82.106275	0.008465	0.218086	5.587257	0.515289	inf	-82.106275	0.000000	36.381430	-77.010900	-0.189292	-0.063414	-0.048236	-0.034562	0.377831	22.352180	32.521391	inf	717.069429	211.663600	37390.070000	23062.090000	-2.051047	22.352180	22.245530	0.241741	-0.050968	0.179882	-6.156753	-5.606943	-5.057132	0.000000
25.555556	-6.384767	-5.009679	2105.516939	-2.873257	-85.316071	0.000000	0.215370	5.669457	0.506796	inf	-85.316071	0.000000	37.747095	-80.220696	-0.279292	-0.063414	-0.048236	-0.044562	0.370670	22.315800	33.720196	inf	744.390737	212.349400	37391.040000	23062.580000	-2.111047	22.315800	22.225190	0.233643	-0.050968	0.171359	-6.247258	-5.697223	-5.147188	0.000000
26.666667	-6.463756	-5.089679	2098.040947	-2.860726	-88.505175	0.000000	0.212582	5.749377	0.497572	inf	-88.505175	0.000000	39.311933	-83.409800	-0.399292	-0.063414	-0.048236	-0.044562	0.350670	22.288490	34.909546	inf	775.696684	212.125400	37393.080000	23062.960000	-2.161047	22.288490	22.184890	0.220243	-0.050968	0.160959	-6.326348	-5.776718	-5.227087	0.000000
27.777778	-6.529475	-5.169679	2103.151091	-2.837686	-91.678659	0.000000	0.208255	5.823140	0.487312	inf	-91.678659	0.000000	40.629219	-86.583285	-0.564447	-0.063414	-0.048236	-0.044562	0.350670	22.114490	36.090379	inf	802.050143	211.218800	37402.280000	23068.560000	-2.221047	22.114490	22.065210	0.220243	-0.050968	0.160959	-6.393495	-5.849577	-5.305659	0.000000
28.888889	-6.599475	-5.235726	2035.580618	-2.754316	-94.825756	0.000000	0.206645	5.891317	0.467521	inf	-94.825756	0.000000	41.980650	-89.730381	-0.754448	-0.073414	-0.048236	-0.044562	0.330670	22.191170	37.256784	inf	829.086692	208.748800	37399.760000	23069.350000	-2.271047	22.191170	22.058120	0.206843	-0.052768	0.150559	-6.463100	-5.917600	-5.372101	0.000000
30.000000	-6.695038	-5.360744	2140.648522	-2.833615	-97.942654	0.000000	0.199296	6.003198	0.472018	inf	-97.942654	0.000000	43.545480	-92.847279	-0.994448	-0.073414	-0.068236	-0.044562	0.330670	22.218930	38.406981	inf	860.392474	212.835000	37395.220000	23066.490000	-2.344615	22.218930	22.101960	0.206843	-0.069168	0.150559	-6.561609	-6.027891	-5.494173	0.000000
31.111111	-6.786145	-5.422541	2133.150104	-2.885499	-101.023570	0.000000	0.200939	6.078874	0.474677	inf	-101.023570	0.000000	44.979417	-95.928196	-1.254447	-0.073414	-0.068236	-0.044562	0.217565	22.065610	39.537654	inf	889.079633	210.266000	37399.080000	23070.340000	-2.404615	22.065610	21.939490	0.131063	-0.069168	0.091744	-6.649785	-6.104343	-5.558901	0.000000
32.222222	-6.848509	-5.512541	2140.615568	-2.836700	-104.079922	0.000000	0.195074	6.156385	0.460774	inf	-104.079922	0.000000	46.276817	-98.984547	-1.539799	-0.083414	-0.068236	-0.044562	0.157565	22.219110	40.653435	inf	915.035255	211.233300	37396.820000	23066.970000	-2.454615	22.219110	22.083650	0.090863	-0.070968	0.060544	-6.714912	-6.180525	-5.646138	0.000000
33.333333	-6.940528	-5.652221	2113.368725	-2.700373	-107.102029	0.000000	0.185621	6.274346	0.430383	inf	-107.102029	0.000000	47.696512	-102.006654	-1.829799	-0.083414	-0.068236	-0.044562	0.095155	22.200440	41.750867	inf	943.437490	212.311100	37397.350000	23065.680000	-2.534615	22.200440	22.132460	0.049049	-0.070968	0.028091	-6.811697	-6.296374	-5.781052	0.000000
34.444444	-7.037335	-5.736790	2130.758797	-2.748210	-110.092944	0.000000	0.184806	6.364933	0.431774	inf	-110.092944	0.000000	49.096321	-104.997569	-2.119799	-0.083414	-0.068236	-0.054562	0.065155	22.289570	42.830343	inf	971.441888	213.816600	37393.230000	23061.700000	-2.584615	22.289570	22.259210	0.025649	-0.070968	0.007691	-6.907280	-6.387062	-5.866845	0.000000
35.555556	-7.097335	-5.848935	2040.840449	-2.526482	-113.026244	0.000000	0.175897	6.453021	0.391519	inf	-113.026244	0.000000	50.365229	-107.930869	-2.419799	-0.093414	-0.068236	-0.054562	0.015155	22.378090	43.877158	inf	996.827498	211.738400	37388.870000	23061.900000	-2.663206	22.378090	22.270770	-0.007851	-0.072768	-0.018309	-6.972495	-6.473135	-5.973775	0.000000
36.666667	-7.198283	-5.948935	2130.928021	-2.639749	-115.909645	0.000000	0.173562	6.553774	0.402783	inf	-115.909645	0.000000	51.779272	-110.814270	-2.694282	-0.093414	-0.068236	-0.054562	-0.034845	22.574500	44.893152	inf	1025.116655	214.083500	37378.390000	23054.590000	-2.733206	22.574500	22.485730	-0.041351	-0.072768	-0.044309	-7.073348	-6.573609	-6.073870	0.000000
37.777778	-7.336066	-6.102413	2108.556322	-2.578851	-118.759122	0.000000	0.168163	6.700322	0.384885	inf	-118.759122	0.000000	52.843371	-113.663747	-2.984282	-0.093414	-0.078236	-0.064562	-0.074845	22.469130	45.891205	inf	1046.404878	215.068500	37383.950000	23058.010000	-2.813206	22.469130	22.341420	-0.071451	-0.080968	-0.069909	-7.212701	-6.719240	-6.225778	0.000000
38.888889	-7.469618	-6.262413	2106.048940	-2.520197	-121.586091	0.000000	0.161615	6.848291	0.368004	inf	-121.586091	0.000000	54.078143	-116.490716	-3.254282	-0.093414	-0.078236	-0.064562	-0.144845	22.314790	46.878902	inf	1071.107562	217.553900	37394.460000	23062.830000	-2.913206	22.314790	22.218140	-0.118351	-0.080968	-0.106309	-7.348897	-6.866015	-6.383133	0.000000
40.000000	-7.603073	-6.402413	2098.681717	-2.497428	-124.379846	0.000000	0.157918	6.985554	0.357513	inf	-124.379846	0.000000	55.512088	-119.284472	-3.534282	-0.093414	-0.078236	-0.064562	-0.214845	22.307970	47.850238	inf	1099.794886	217.868100	37391.460000	23062.050000	-3.003206	22.307970	22.204310	-0.165251	-0.080968	-0.142709	-7.483007	-7.002743	-6.522479	0.000000
41.111111	-7.725933	-6.538020	2103.708371	-2.476516	-127.133158	0.000000	0.153757	7.115458	0.348047	inf	-127.133158	0.000000	56.678587	-122.037783	-3.802042	-0.113414	-0.088236	-0.074562	-0.304845	22.414750	48.800022	inf	1123.131719	218.364800	37389.390000	23059.800000	-3.113206	22.414750	22.342380	-0.228851	-0.092768	-0.194309	-7.607142	-7.131977	-6.656811	0.000000
42.222222	-7.905933	-6.718020	2041.156783	-2.402452	-129.861809	0.000000	0.150256	7.295866	0.329289	inf	-129.861809	0.000000	57.810959	-124.766435	-4.082042	-0.103414	-0.088236	-0.074562	-0.404845	22.187120	49.738120	inf	1145.785792	217.720100	37397.620000	23065.940000	-3.233206	22.187120	22.097180	-0.295851	-0.090968	-0.246309	-7.787142	-7.311977	-6.836811	0.000000
43.333333	-8.052857	-6.916567	2116.433766	-2.382393	-132.544695	0.000000	0.141104	7.470314	0.318915	inf	-132.544695	0.000000	59.244896	-127.449321	-4.362042	-0.103414	-0.088236	-0.074562	-0.514845	22.069630	50.655692	inf	1174.472951	221.018900	37401.460000	23069.000000	-3.360804	22.069630	22.022860	-0.369551	-0.090968	-0.303509	-7.939228	-7.484712	-7.030196	0.000000
44.444444	-8.192743	-7.076567	2111.385162	-2.334292	-135.188491	0.000000	0.136240	7.621037	0.306296	inf	-135.188491	0.000000	60.411403	-130.093117	-4.624507	-0.103414	-0.088236	-0.074562	-0.618694	21.953720	51.553353	inf	1197.809950	220.286000	37408.830000	23074.820000	-3.470804	21.953720	21.806690	-0.439130	-0.090968	-0.357510	-8.081125	-7.634655	-7.188185	0.000000
45.555556	-8.382743	-7.264466	2124.149381	-2.352384	-137.809029	0.000000	0.133402	7.810266	0.301191	inf	-137.809029	0.000000	61.577903	-132.713655	-4.878191	-0.103414	-0.098236	-0.084562	-0.738694	21.904560	52.440194	inf	1221.146783	221.897700	37412.820000	23075.210000	-3.620804	21.904560	21.816380	-0.522830	-0.099168	-0.424710	-8.270915	-7.823605	-7.376294	0.000000
46.666667	-8.519185	-7.424466	2106.714805	-2.283592	-140.389908	0.000000	0.128500	7.959282	0.286909	inf	-140.389908	0.000000	62.909439	-135.294533	-5.118191	-0.143413	-0.108236	-0.084562	-0.858694	21.865810	53.307070	inf	1247.785331	220.198800	37413.290000	23077.140000	-3.760804	21.865810	21.723610	-0.603230	-0.114568	-0.487110	-8.409713	-7.971825	-7.533938	0.000000
47.777778	-8.689185	-7.594466	2104.191642	-2.280472	-142.927989	0.000000	0.125986	8.129545	0.280517	inf	-142.927989	0.000000	64.027560	-137.832614	-5.368191	-0.443414	-0.128236	-0.084562	-0.988694	21.890270	54.151042	inf	1270.154315	219.487700	37411.140000	23076.000000	-3.910804	21.890270	21.741450	-0.690330	-0.184968	-0.554710	-8.579713	-8.141825	-7.703938	0.000000
48.888889	-8.807303	-7.754466	2129.178101	-2.218963	-145.416226	0.000000	0.119541	8.269718	0.268324	inf	-145.416226	0.000000	65.194060	-140.320852	-5.618191	-0.903413	-0.398236	-0.094562	-1.138694	22.007600	54.969640	inf	1293.491149	217.051600	37407.290000	23071.520000	-4.060804	22.007600	21.912690	-0.794130	-0.489168	-0.637511	-8.702019	-8.280884	-7.859750	0.000000
50.000000	-9.019045	-7.977448	2109.432016	-2.174446	-147.859876	0.000000	0.115489	8.487597	0.256191	inf	-147.859876	0.000000	66.360567	-142.764502	-5.866173	-1.355777	-1.052495	-0.254562	-1.288694	21.820320	55.764632	inf	1316.828147	215.736800	37415.540000	23078.580000	-4.240804	21.820320	21.685140	-0.947430	-1.107086	-0.792311	-8.914885	-8.498247	-8.081608	0.000000
51.111111	-9.162780	-8.179789	2124.504361	-2.066407	-150.268328	0.000000	0.107281	8.661990	0.238560	inf	-150.268328	0.000000	67.609589	-145.172954	-6.116173	-1.835777	-1.612495	-0.624562	-1.448694	21.766210	56.540570	inf	1341.815920	214.131800	37417.220000	23080.050000	-4.416009	21.766210	21.608060	-1.176730	-1.652686	-1.053111	-9.064481	-8.671284	-8.278088	0.000000
52.222222	-9.307802	-8.329065	2102.074227	-2.035445	-152.595585	0.000000	0.105152	8.809374	0.231054	inf	-152.595585	0.000000	68.659438	-147.500210	-6.336173	-2.299502	-2.061017	-1.039188	-1.611677	21.831430	57.273298	inf	1362.819054	210.667300	37414.810000	23077.460000	-4.576009	21.831430	21.716680	-1.422756	-2.103944	-1.336882	-9.209928	-8.818434	-8.426939	0.000000
53.333333	-9.525528	-8.551395	2124.661164	-2.047190	-154.876690	0.000000	0.102266	9.029706	0.226717	inf	-154.876690	0.000000	69.777567	-149.781316	-6.576173	-2.769502	-2.491017	-1.459188	-1.771677	21.823770	57.981247	inf	1385.188204	208.916900	37415.620000	23077.240000	-4.776008	21.823770	21.729910	-1.668556	-2.541144	-1.621682	-9.428115	-9.038462	-8.648808	0.000000
54.444444	-9.591604	-8.705533	2129.716189	-1.866350	-157.104938	0.000000	0.092380	9.141412	0.204164	inf	-157.104938	0.000000	70.924172	-152.009563	-6.826173	-3.220921	-2.936620	-1.898558	-1.961677	21.735300	58.661529	inf	1408.127035	203.978400	37417.140000	23079.030000	-4.976008	21.735300	21.582530	-1.940848	-2.987794	-1.931380	-9.502997	-9.148568	-8.794140	0.000000
55.555556	-9.588353	-8.685348	2049.564000	-1.830457	-159.178690	0.000000	0.094177	9.129409	0.200501	inf	-159.178690	0.000000	71.692349	-154.083315	-6.966268	-3.620921	-3.346620	-2.288558	-2.091677	21.702550	59.258238	inf	1423.495085	194.493400	37420.390000	23081.420000	-5.066008	21.702550	21.542670	-2.156648	-3.395994	-2.186180	-9.498053	-9.136850	-8.775648	0.000000
56.666667	-9.574706	-8.725348	2077.041195	-1.744769	-161.161455	0.000000	0.088709	9.143453	0.190822	inf	-161.161455	0.000000	72.659683	-156.066080	-7.076268	-3.990921	-3.716620	-2.658558	-2.231677	21.948720	59.804554	inf	1442.847445	188.932300	37412.250000	23073.550000	-5.176009	21.948720	21.843150	-2.372548	-3.765994	-2.436580	-9.489770	-9.150027	-8.810284	0.000000
57.777778	-9.576287	-8.753481	2127.144359	-1.730972	-163.069004	0.000000	0.085921	9.158725	0.188997	inf	-163.069004	0.000000	73.476239	-157.973629	-7.196268	-4.309490	-4.043662	-3.013248	-2.371677	22.062230	60.308690	inf	1459.183344	183.020300	37406.980000	23071.100000	-5.286577	22.062230	21.999020	-2.583395	-4.091511	-2.679631	-9.494006	-9.164884	-8.835762	0.000000
58.888889	-9.570936	-8.793481	2132.079976	-1.639332	-164.888060	0.000000	0.081231	9.176720	0.178640	inf	-164.888060	0.000000	74.409445	-159.792686	-7.286268	-4.609490	-4.353662	-3.353248	-2.501677	22.121370	60.762362	inf	1477.852943	178.305200	37401.430000	23068.940000	-5.396578	22.121370	22.012700	-2.782695	-4.399711	-2.910431	-9.493190	-9.182208	-8.871227	0.000000
60.000000	-9.575679	-8.816748	2072.018142	-1.555170	-166.642620	0.000000	0.079256	9.190992	0.169206	inf	-166.642620	0.000000	75.342643	-161.547245	-7.376268	-4.879490	-4.643662	-3.673248	-2.630296	22.014990	61.179286	inf	1496.522376	172.163300	37406.420000	23073.650000	-5.476578	22.014990	21.847680	-2.974470	-4.686111	-3.130913	-9.499786	-9.196213	-8.892641	0.000000
61.111111	-9.562214	-8.836748	2122.086707	-1.522513	-168.344034	0.000000	0.075868	9.194712	0.165586	inf	-168.344034	0.000000	76.042547	-163.248659	-7.466268	-5.139490	-4.893662	-3.966999	-2.760296	22.085860	61.566748	inf	1510.524576	168.777700	37400.890000	23066.840000	-5.556578	22.085860	22.017460	-3.158508	-4.937911	-3.339513	-9.489667	-9.199481	-8.909295	0.000000
62.222222	-9.562214	-8.856748	2129.692386	-1.485831	-170.000993	0.000000	0.073776	9.204976	0.161416	inf	-170.000993	0.000000	76.873344	-164.905618	-7.546268	-5.374682	-5.132366	-4.246999	-2.880296	22.053520	61.930451	inf	1527.145398	165.136400	37404.370000	23070.420000	-5.636577	22.053520	22.042870	-3.331308	-5.175983	-3.536313	-9.491667	-9.209481	-8.927295	0.000000
63.333333	-9.561728	-8.885757	2127.166540	-1.422001	-171.609848	0.000000	0.070695	9.219613	0.154236	inf	-171.609848	0.000000	77.641513	-166.514473	-7.626268	-5.594682	-5.362366	-4.516999	-3.000296	22.008680	62.269797	inf	1542.513283	161.104100	37407.040000	23072.300000	-5.706577	22.008680	21.904870	-3.500808	-5.404183	-3.728313	-9.494131	-9.223743	-8.953354	0.000000
64.444444	-9.554037	-8.895757	2122.189629	-1.381544	-173.160814	0.000000	0.068901	9.220981	0.149826	inf	-173.160814	0.000000	78.443826	-168.065439	-7.716268	-5.784682	-5.562366	-4.766999	-3.130296	22.006970	62.579036	inf	1558.564259	157.294500	37405.330000	23072.430000	-5.766578	22.006970	21.867920	-3.670408	-5.602383	-3.915913	-9.488209	-9.224897	-8.961585	0.000000
65.555556	-9.564037	-8.915757	2127.232747	-1.363769	-174.686112	0.000000	0.067783	9.236105	0.147656	inf	-174.686112	0.000000	79.143731	-169.590737	-7.786268	-5.984682	-5.762366	-4.997601	-3.250296	21.955310	62.875084	inf	1572.566458	154.198100	37408.780000	23073.480000	-5.826577	21.955310	21.877300	-3.826907	-5.802383	-4.089002	-9.499209	-9.239897	-8.980585	0.000000
66.666667	-9.568992	-8.925757	2119.715153	-1.348364	-176.166496	0.000000	0.067221	9.243645	0.145869	inf	-176.166496	0.000000	79.843627	-171.071121	-7.856268	-6.160767	-5.949376	-5.217601	-3.370296	21.932870	63.148741	inf	1586.568492	151.326800	37421.250000	23072.540000	-5.876577	21.932870	21.884070	-3.979907	-5.987426	-4.257002	-9.504668	-9.247374	-8.990081	0.000000
67.777778	-9.579387	-8.976893	2052.185068	-1.222689	-177.607106	0.000000	0.062895	9.274879	0.131828	inf	-177.607106	0.000000	80.660183	-172.511731	-7.931473	-6.330767	-6.119376	-5.417601	-3.480296	21.711260	63.403499	inf	1602.904391	147.479400	37417.610000	23082.000000	-5.936578	21.711260	21.533440	-4.119607	-6.157426	-4.410202	-9.519138	-9.278140	-9.037142	0.000000
68.888889	-9.569387	-8.966893	2132.171267	-1.270357	-179.017318	0.000000	0.062961	9.264875	0.137115	inf	-179.017318	0.000000	81.374329	-173.921943	-8.001473	-6.480767	-6.279376	-5.607601	-3.600296	21.734250	63.643908	inf	1617.191514	145.390000	37419.000000	23078.990000	-5.996577	21.734250	21.631440	-4.262707	-6.315626	-4.563802	-9.509138	-9.268140	-9.027142	0.000000
70.000000	-9.564493	-8.986893	2119.719890	-1.210747	-180.383023	0.000000	0.060390	9.272695	0.130571	inf	-180.383023	0.000000	81.991711	-175.287648	-8.061473	-6.640767	-6.439376	-5.787601	-3.712492	21.553130	63.860339	inf	1629.542773	142.506700	37428.160000	23084.830000	-6.046577	21.553130	21.451740	-4.397278	-6.475626	-4.708544	-9.506733	-9.275693	-9.044653	0.000000
71.111111	-9.564493	-8.996893	2122.235213	-1.191191	-181.714941	0.000000	0.059344	9.277799	0.128392	inf	-181.714941	0.000000	82.574965	-176.619567	-8.121473	-6.780767	-6.579376	-5.956813	-3.822492	21.684480	64.059326	inf	1641.211273	139.675400	37421.850000	23080.470000	-6.086577	21.684480	21.586990	-4.526818	-6.615626	-4.846966	-9.507733	-9.280693	-9.053653	0.000000
72.222222	-9.559448	-8.998236	2104.688132	-1.168049	-183.017502	0.000000	0.058708	9.276013	0.125921	inf	-183.017502	0.000000	83.226458	-177.922127	-8.181473	-6.910767	-6.719376	-6.106813	-3.922492	21.478270	64.242603	inf	1654.244962	137.213500	37429.640000	23087.730000	-6.146578	21.478270	21.358510	-4.643318	-6.753826	-4.970966	-9.503327	-9.278842	-9.054357	0.000000
73.333333	-9.559448	-9.028236	2129.578063	-1.118668	-184.289192	0.000000	0.055569	9.291311	0.120399	inf	-184.289192	0.000000	83.940621	-179.193817	-8.241473	-7.040767	-6.858697	-6.266813	-4.022492	21.470400	64.411419	inf	1668.532415	135.027100	37429.990000	23086.270000	-6.186578	21.470400	21.345280	-4.763118	-6.891470	-5.099766	-9.506327	-9.293842	-9.081357	0.000000
74.444444	-9.559448	-9.038236	2054.652354	-1.058987	-185.519411	0.000000	0.054523	9.296407	0.113914	inf	-185.519411	0.000000	84.523916	-180.424036	-8.291473	-7.170720	-6.978697	-6.396813	-4.122492	21.583220	64.558749	inf	1680.201740	131.796800	37426.340000	23085.350000	-6.226578	21.583220	21.438660	-4.873018	-7.013261	-5.214166	-9.507327	-9.298842	-9.090357	0.000000
75.555556	-9.558293	-9.048236	2129.714136	-1.074177	-186.719857	0.000000	0.053363	9.300934	0.115491	inf	-186.719857	0.000000	84.811232	-181.624482	-8.351473	-7.290720	-7.098697	-6.526813	-4.222492	21.663440	64.686333	inf	1685.949737	130.785500	37422.000000	23081.950000	-6.273929	21.663440	21.529120	-4.982918	-7.133261	-5.328566	-9.507287	-9.303265	-9.099242	0.000000
